t= 0.000000 0.000000 0.001146 0.001333 0.001562 0.017875 0.010730 0.334271 0.324396 0.308688
t= 20.000000 0.000000 0.002375 0.003000 0.003000 0.035396 0.019584 0.336458 0.314521 0.285667
t= 40.000000 0.000000 0.003479 0.004396 0.004667 0.052625 0.026917 0.338417 0.303792 0.265708
t= 60.000000 0.000000 0.004521 0.005896 0.006354 0.067458 0.036500 0.340167 0.290729 0.248375
t= 80.000000 0.000000 0.005625 0.007334 0.007771 0.079750 0.050146 0.338500 0.277437 0.233437
t= 100.000000 0.000000 0.006646 0.008959 0.009063 0.092792 0.062208 0.335333 0.271229 0.213771
t= 120.000000 0.000000 0.007729 0.010188 0.011188 0.106375 0.072688 0.331458 0.259104 0.201271
t= 140.000000 0.000000 0.008875 0.011583 0.012500 0.117209 0.082854 0.327750 0.248146 0.191083
t= 160.000000 0.000000 0.009854 0.013000 0.013979 0.127500 0.091229 0.326208 0.236750 0.181479
t= 180.000000 0.000000 0.010750 0.014438 0.015271 0.138167 0.098354 0.326500 0.226917 0.169604
t= 200.000000 0.000000 0.011813 0.016167 0.016396 0.146938 0.106875 0.322104 0.220896 0.158812
t= 220.000000 0.000000 0.012771 0.017542 0.017667 0.155250 0.113771 0.319250 0.214604 0.149146
t= 240.000000 0.000000 0.013833 0.018917 0.019146 0.163604 0.121687 0.317729 0.205000 0.140083
t= 260.000000 0.000000 0.014875 0.020125 0.020604 0.171396 0.127542 0.313354 0.197896 0.134208
t= 280.000000 0.000000 0.015667 0.021375 0.021896 0.179542 0.133583 0.308083 0.185021 0.134833
t= 300.000000 0.000000 0.016729 0.022917 0.022979 0.186667 0.137396 0.306937 0.174625 0.131750
t= 320.000000 0.000000 0.017792 0.024333 0.024229 0.193521 0.140750 0.308771 0.165104 0.125500
t= 340.000000 0.000000 0.018833 0.025771 0.025813 0.201167 0.141771 0.308354 0.162396 0.115896
t= 360.000000 0.000000 0.019750 0.027167 0.027063 0.208333 0.139709 0.318625 0.149542 0.109813
t= 380.000000 0.000000 0.020709 0.028521 0.028375 0.214333 0.146354 0.314646 0.142833 0.104229
t= 400.000000 0.000000 0.021729 0.029604 0.029563 0.220479 0.149604 0.314375 0.135312 0.099333
t= 420.000000 0.000000 0.022771 0.031104 0.030542 0.226250 0.154791 0.312500 0.127188 0.094854
t= 440.000000 0.000000 0.023584 0.032792 0.031959 0.232312 0.158166 0.308625 0.124416 0.088146
t= 460.000000 0.000000 0.024667 0.034167 0.033187 0.237354 0.162604 0.306562 0.120521 0.080938
t= 480.000000 0.000000 0.025708 0.035375 0.034563 0.243875 0.166250 0.301896 0.117896 0.074438
t= 500.000000 0.000000 0.026813 0.036500 0.035813 0.249230 0.171875 0.296375 0.114979 0.068417
t= 520.000000 0.000000 0.027792 0.037646 0.037250 0.253979 0.175896 0.292292 0.111479 0.063667
t= 540.000000 0.000000 0.028938 0.038771 0.038313 0.259250 0.179333 0.287333 0.108979 0.059083
t= 560.000000 0.000000 0.030083 0.039979 0.039521 0.264584 0.180979 0.284688 0.105458 0.054708
t= 580.000000 0.000000 0.031125 0.041417 0.040458 0.269125 0.183896 0.280625 0.102208 0.051146
t= 600.000000 0.000000 0.032042 0.042625 0.041396 0.273604 0.191375 0.272771 0.098479 0.047708
t= 620.000000 0.000000 0.033271 0.043917 0.042667 0.277792 0.196417 0.266167 0.095334 0.044437
t= 640.000000 0.000000 0.034188 0.045125 0.044188 0.281896 0.203146 0.257979 0.091479 0.042000
t= 660.000000 0.000000 0.035333 0.046646 0.045458 0.285813 0.208479 0.250021 0.088292 0.039958
t= 680.000000 0.000000 0.036396 0.047833 0.046729 0.289000 0.213542 0.243896 0.085125 0.037479
t= 700.000000 0.000000 0.037480 0.048937 0.047875 0.291917 0.219041 0.237875 0.081667 0.035209
t= 720.000000 0.000000 0.038417 0.050188 0.048813 0.295896 0.222187 0.232604 0.078437 0.033458
t= 740.000000 0.000000 0.039334 0.051375 0.049938 0.299646 0.225812 0.226291 0.076104 0.031500
t= 760.000000 0.000000 0.040334 0.052417 0.051021 0.302875 0.230333 0.219396 0.073042 0.030583
t= 780.000000 0.000000 0.041271 0.053479 0.052188 0.306479 0.234146 0.212583 0.070792 0.029062
t= 800.000000 0.000000 0.042146 0.054500 0.053479 0.309625 0.238541 0.203354 0.070208 0.028146
t= 820.000000 0.000000 0.043271 0.055875 0.054375 0.312396 0.241500 0.200521 0.064917 0.027146
t= 840.000000 0.000000 0.044375 0.057000 0.055375 0.315250 0.243937 0.196146 0.061250 0.026666
t= 860.000000 0.000000 0.045334 0.058146 0.056542 0.318542 0.244542 0.192521 0.058729 0.025646
t= 880.000000 0.000000 0.046438 0.059563 0.057709 0.320979 0.244687 0.189333 0.056521 0.024771
t= 900.000000 0.000000 0.047292 0.060729 0.058562 0.323833 0.246062 0.184583 0.055208 0.023729
t= 920.000000 0.000000 0.048188 0.061854 0.059604 0.326500 0.247750 0.180000 0.054458 0.021646
t= 940.000000 0.000000 0.049021 0.063104 0.060750 0.329979 0.248896 0.175458 0.053563 0.019229
t= 960.000000 0.000000 0.049771 0.064479 0.061833 0.332667 0.249562 0.171604 0.053417 0.016667
t= 980.000000 0.000000 0.050917 0.065750 0.062791 0.336084 0.249312 0.168625 0.051542 0.014979
t= 1000.000000 0.000000 0.052000 0.066958 0.063812 0.339458 0.248187 0.166188 0.049541 0.013854
t= 1020.000000 0.000000 0.052938 0.068104 0.065104 0.342729 0.247479 0.161979 0.049208 0.012459
t= 1040.000000 0.000000 0.053917 0.069188 0.065917 0.345250 0.246375 0.159708 0.048292 0.011354
t= 1060.000000 0.000000 0.055021 0.070021 0.066688 0.347479 0.247396 0.155709 0.047250 0.010438
t= 1080.000000 0.000000 0.055792 0.071104 0.067750 0.350583 0.247771 0.151042 0.046375 0.009583
t= 1100.000000 0.000000 0.056813 0.072458 0.068667 0.353459 0.247708 0.146937 0.045604 0.008354
t= 1120.000000 0.000000 0.057479 0.073542 0.069479 0.356542 0.247833 0.142937 0.044417 0.007771
t= 1140.000000 0.000000 0.058250 0.074459 0.070229 0.359167 0.248166 0.139250 0.043396 0.007084
t= 1160.000000 0.000000 0.059166 0.075417 0.071020 0.362083 0.249646 0.133500 0.042750 0.006417
t= 1180.000000 0.000000 0.059896 0.076167 0.071666 0.364792 0.250792 0.128292 0.042417 0.005979
t= 1200.000000 0.000000 0.060917 0.077000 0.072500 0.367333 0.251020 0.124666 0.040938 0.005625
t= 1220.000000 0.000000 0.061792 0.078208 0.073375 0.370646 0.249750 0.120896 0.040021 0.005313
t= 1240.000000 0.000000 0.062938 0.079271 0.074312 0.373937 0.246875 0.118917 0.038834 0.004917
t= 1260.000000 0.000000 0.063729 0.080313 0.075354 0.376563 0.246417 0.114938 0.038146 0.004542
t= 1280.000000 0.000000 0.064708 0.081500 0.075895 0.379354 0.244354 0.113354 0.036375 0.004458
t= 1300.000000 0.000000 0.065834 0.082271 0.076687 0.381687 0.241729 0.112833 0.034875 0.004083
t= 1320.000000 0.000000 0.066667 0.083417 0.077500 0.384167 0.237875 0.112271 0.034563 0.003542
t= 1340.000000 0.000000 0.067562 0.084313 0.078271 0.386896 0.233500 0.113146 0.032958 0.003354
t= 1360.000000 0.000000 0.068458 0.085250 0.079167 0.389187 0.230937 0.112583 0.031333 0.003084
t= 1380.000000 0.000000 0.069146 0.086146 0.079854 0.392062 0.229333 0.110562 0.029917 0.002979
t= 1400.000000 0.000000 0.070208 0.087083 0.080791 0.393813 0.229416 0.107354 0.028396 0.002938
t= 1420.000000 0.000000 0.071083 0.087771 0.081708 0.396625 0.228104 0.104729 0.027438 0.002542
t= 1440.000000 0.000000 0.072083 0.088625 0.082688 0.399104 0.227875 0.101271 0.026104 0.002250
t= 1460.000000 0.000000 0.072979 0.089333 0.083354 0.401834 0.227125 0.098729 0.024688 0.001958
t= 1480.000000 0.000000 0.073667 0.090146 0.083979 0.404042 0.226875 0.095875 0.023605 0.001813
t= 1500.000000 0.000000 0.074333 0.091188 0.085000 0.405917 0.226437 0.092875 0.022604 0.001646
t= 1520.000000 0.000000 0.075375 0.091875 0.085938 0.407812 0.224979 0.090479 0.021916 0.001625
t= 1540.000000 0.000000 0.076167 0.092605 0.086500 0.410271 0.223979 0.088146 0.020125 0.002208
t= 1560.000000 0.000000 0.077271 0.093688 0.087083 0.413021 0.221271 0.086188 0.018813 0.002667
t= 1580.000000 0.000000 0.078083 0.094583 0.088062 0.416063 0.218625 0.083938 0.018084 0.002563
t= 1600.000000 0.000000 0.078854 0.095333 0.089104 0.418438 0.216917 0.081771 0.017459 0.002125
t= 1620.000000 0.000000 0.079542 0.096604 0.089875 0.419875 0.215708 0.079667 0.017042 0.001688
t= 1640.000000 0.000000 0.080375 0.097146 0.090562 0.422354 0.214312 0.077458 0.016500 0.001292
t= 1660.000000 0.000000 0.081063 0.098167 0.091500 0.424396 0.212750 0.074229 0.016625 0.001271
t= 1680.000000 0.000000 0.081833 0.099104 0.092083 0.426604 0.210958 0.072313 0.016167 0.000938
t= 1700.000000 0.000000 0.082812 0.099688 0.092896 0.428521 0.208396 0.072146 0.014833 0.000708
t= 1720.000000 0.000000 0.083833 0.100437 0.093583 0.429896 0.206354 0.071416 0.013792 0.000688
t= 1740.000000 0.000000 0.085042 0.101500 0.094041 0.431188 0.204250 0.070688 0.012646 0.000646
t= 1760.000000 0.000000 0.086083 0.102479 0.094667 0.432187 0.201979 0.069917 0.012021 0.000667
t= 1780.000000 0.000000 0.086979 0.103417 0.095000 0.433083 0.199896 0.069604 0.011458 0.000563
t= 1800.000000 0.000000 0.087854 0.104208 0.095479 0.435958 0.195604 0.069771 0.010584 0.000542
t= 1820.000000 0.000000 0.088667 0.105208 0.096000 0.437687 0.193229 0.068875 0.009771 0.000563
t= 1840.000000 0.000000 0.089208 0.106229 0.096666 0.439792 0.190375 0.068041 0.009250 0.000438
t= 1860.000000 0.000000 0.089958 0.107104 0.097187 0.441312 0.188229 0.067104 0.008687 0.000417
t= 1880.000000 0.000000 0.090625 0.107980 0.097687 0.442250 0.186375 0.066604 0.008042 0.000438
t= 1900.000000 0.000000 0.091187 0.108854 0.098541 0.443500 0.184042 0.065667 0.007771 0.000438
t= 1920.000000 0.000000 0.091833 0.109771 0.099146 0.443917 0.183000 0.064479 0.007542 0.000312
t= 1940.000000 0.000000 0.092417 0.110583 0.099959 0.445104 0.181084 0.063292 0.007313 0.000250
t= 1960.000000 0.000000 0.092917 0.111312 0.100500 0.446729 0.179583 0.061583 0.007146 0.000229
t= 1980.000000 0.000000 0.093729 0.112188 0.100813 0.448646 0.178104 0.059625 0.006729 0.000167
t= 2000.000000 0.000000 0.094479 0.112938 0.101500 0.450479 0.176229 0.057771 0.006438 0.000167
t= 2020.000000 0.000000 0.095354 0.113792 0.102188 0.451729 0.174208 0.056250 0.006292 0.000188
t= 2040.000000 0.000000 0.095958 0.114875 0.102771 0.453250 0.171563 0.055333 0.006146 0.000104
t= 2060.000000 0.000000 0.096438 0.115708 0.103313 0.454792 0.170312 0.053396 0.005959 0.000083
t= 2080.000000 0.000000 0.097583 0.116146 0.103875 0.456125 0.168313 0.052125 0.005750 0.000083
t= 2100.000000 0.000000 0.098313 0.116833 0.104375 0.457271 0.166688 0.050771 0.005709 0.000042
t= 2120.000000 0.000000 0.099083 0.117583 0.104834 0.458104 0.166104 0.048875 0.005375 0.000042
t= 2140.000000 0.000000 0.099875 0.118417 0.105584 0.458583 0.164458 0.047687 0.005334 0.000063
t= 2160.000000 0.000000 0.100812 0.119646 0.105792 0.458583 0.163271 0.046708 0.005167 0.000021
t= 2180.000000 0.000000 0.101562 0.120646 0.106333 0.459333 0.161833 0.045292 0.004979 0.000021
t= 2200.000000 0.000000 0.102354 0.121417 0.106750 0.460146 0.160834 0.043563 0.004917 0.000021
t= 2220.000000 0.000000 0.103208 0.122250 0.107208 0.460896 0.158896 0.042771 0.004730 0.000042
t= 2240.000000 0.000000 0.103979 0.122938 0.107917 0.461583 0.156167 0.042750 0.004625 0.000042
t= 2260.000000 0.000000 0.104750 0.123896 0.108271 0.461938 0.155125 0.041625 0.004375 0.000021
t= 2280.000000 0.000000 0.105292 0.124875 0.108687 0.462917 0.153584 0.040396 0.004229 0.000021
t= 2300.000000 0.000000 0.105875 0.125646 0.109188 0.464042 0.151730 0.039083 0.004417 0.000021
t= 2320.000000 0.000000 0.106438 0.126396 0.110021 0.464500 0.150229 0.037375 0.005021 0.000021
t= 2340.000000 0.000000 0.107208 0.127208 0.110500 0.465208 0.148375 0.035500 0.005979 0.000021
t= 2360.000000 0.000000 0.107938 0.128042 0.110917 0.466042 0.146354 0.034479 0.006208 0.000021
t= 2380.000000 0.000000 0.108542 0.129042 0.111354 0.466687 0.144625 0.033521 0.006208 0.000021
t= 2400.000000 0.000000 0.109521 0.130104 0.111833 0.467375 0.142667 0.032958 0.005521 0.000021
t= 2420.000000 0.000000 0.110187 0.130854 0.112208 0.468146 0.140646 0.032896 0.005042 0.000021
t= 2440.000000 0.000000 0.110896 0.131521 0.112792 0.469104 0.138104 0.032792 0.004792 0.000000
t= 2460.000000 0.000000 0.111542 0.132167 0.113333 0.469521 0.135500 0.033542 0.004396 0.000000
t= 2480.000000 0.000000 0.112313 0.132750 0.113875 0.468833 0.134375 0.033708 0.004146 0.000000
t= 2500.000000 0.000000 0.113041 0.133458 0.114333 0.468792 0.133271 0.033375 0.003729 0.000000
t= 2520.000000 0.000000 0.113750 0.134334 0.114646 0.468209 0.132312 0.033271 0.003458 0.000021
t= 2540.000000 0.000000 0.114479 0.134896 0.115208 0.469104 0.130000 0.033104 0.003187 0.000021
t= 2560.000000 0.000000 0.115167 0.135625 0.115459 0.469750 0.127979 0.032979 0.003000 0.000042
t= 2580.000000 0.000000 0.115813 0.136500 0.116000 0.469812 0.126271 0.032688 0.002875 0.000042
t= 2600.000000 0.000000 0.116521 0.137396 0.116667 0.469625 0.124229 0.032604 0.002938 0.000021
t= 2620.000000 0.000000 0.117187 0.138063 0.117188 0.469729 0.122437 0.032500 0.002834 0.000063
t= 2640.000000 0.000000 0.118104 0.138979 0.117562 0.469146 0.121270 0.032417 0.002438 0.000083
t= 2660.000000 0.000000 0.118833 0.139812 0.117771 0.468208 0.121000 0.032125 0.002083 0.000167
t= 2680.000000 0.000000 0.119479 0.140563 0.117854 0.467125 0.120354 0.032459 0.001938 0.000229
t= 2700.000000 0.000000 0.120104 0.141375 0.118396 0.465854 0.119437 0.032833 0.001896 0.000104
t= 2720.000000 0.000000 0.120771 0.142500 0.118729 0.465479 0.117271 0.033396 0.001792 0.000063
t= 2740.000000 0.000000 0.121646 0.143417 0.119125 0.466000 0.113979 0.034167 0.001584 0.000084
t= 2760.000000 0.000000 0.122021 0.144646 0.119479 0.466792 0.110437 0.035063 0.001500 0.000063
t= 2780.000000 0.000000 0.122812 0.145417 0.119833 0.468083 0.105833 0.036479 0.001521 0.000021
t= 2800.000000 0.000000 0.123479 0.146063 0.120208 0.469125 0.102458 0.037188 0.001459 0.000021
t= 2820.000000 0.000000 0.124146 0.146625 0.120500 0.470333 0.099021 0.037958 0.001417 0.000000
t= 2840.000000 0.000000 0.124729 0.147542 0.120896 0.471167 0.100188 0.034021 0.001417 0.000042
t= 2860.000000 0.000000 0.125313 0.148333 0.121229 0.471583 0.100375 0.031771 0.001354 0.000042
t= 2880.000000 0.000000 0.125875 0.149084 0.121541 0.471229 0.101000 0.029958 0.001250 0.000063
t= 2900.000000 0.000000 0.126416 0.149938 0.121875 0.470771 0.101542 0.028292 0.001104 0.000063
t= 2920.000000 0.000000 0.127125 0.151000 0.122125 0.468708 0.102188 0.027625 0.001167 0.000063
t= 2940.000000 0.000000 0.127729 0.151792 0.122375 0.468479 0.101542 0.026896 0.001104 0.000084
t= 2960.000000 0.000000 0.128521 0.152646 0.122875 0.467542 0.100729 0.026500 0.001104 0.000083
t= 2980.000000 0.000000 0.129271 0.153459 0.123396 0.467771 0.098958 0.026021 0.001000 0.000125
t= 3000.000000 0.000000 0.130083 0.154250 0.123583 0.470042 0.095542 0.025396 0.000979 0.000125
t= 3020.000000 0.000000 0.130729 0.154896 0.124021 0.470938 0.093292 0.024979 0.001083 0.000063
t= 3040.000000 0.000000 0.131542 0.156000 0.124271 0.471146 0.091396 0.024667 0.000937 0.000042
t= 3060.000000 0.000000 0.132063 0.156813 0.124562 0.470896 0.090375 0.024229 0.001021 0.000042
t= 3080.000000 0.000000 0.132750 0.157604 0.124833 0.470104 0.089417 0.024230 0.000979 0.000083
t= 3100.000000 0.000000 0.133604 0.158083 0.125208 0.470000 0.088292 0.023834 0.000875 0.000104
t= 3120.000000 0.000000 0.134271 0.158812 0.125375 0.467896 0.089729 0.022980 0.000854 0.000083
t= 3140.000000 0.000000 0.135021 0.159500 0.125541 0.465521 0.090584 0.022938 0.000854 0.000042
t= 3160.000000 0.000000 0.135500 0.160500 0.125729 0.465959 0.089042 0.021917 0.001333 0.000021
t= 3180.000000 0.000000 0.136167 0.161312 0.125750 0.466042 0.088375 0.020250 0.002083 0.000021
t= 3200.000000 0.000000 0.136917 0.162354 0.125896 0.465896 0.087354 0.018583 0.002979 0.000021
t= 3220.000000 0.000000 0.137500 0.163146 0.125938 0.466125 0.086417 0.017584 0.003271 0.000021
t= 3240.000000 0.000000 0.138333 0.163771 0.126104 0.466792 0.084833 0.016646 0.003479 0.000042
t= 3260.000000 0.000000 0.138979 0.164646 0.126334 0.466063 0.084416 0.015687 0.003833 0.000042
t= 3280.000000 0.000000 0.139563 0.165396 0.126479 0.466250 0.083354 0.015188 0.003729 0.000042
t= 3300.000000 0.000000 0.140145 0.166021 0.126916 0.466396 0.082458 0.014896 0.003146 0.000021
t= 3320.000000 0.000000 0.140854 0.166750 0.127021 0.467437 0.080062 0.014896 0.002979 0.000000
t= 3340.000000 0.000000 0.141604 0.167271 0.127458 0.467688 0.078604 0.014792 0.002583 0.000000
t= 3360.000000 0.000000 0.142208 0.168146 0.127791 0.467667 0.077209 0.014771 0.002188 0.000021
t= 3380.000000 0.000000 0.143000 0.169250 0.128104 0.467812 0.075208 0.014500 0.002125 0.000000
t= 3400.000000 0.000000 0.143646 0.169958 0.128604 0.468208 0.073479 0.014021 0.002062 0.000021
t= 3420.000000 0.000000 0.144292 0.170729 0.128625 0.468584 0.071625 0.014105 0.002042 0.000000
t= 3440.000000 0.000000 0.144938 0.171417 0.128688 0.469750 0.069396 0.013875 0.001938 0.000000
t= 3460.000000 0.000000 0.145666 0.172396 0.128729 0.469938 0.067250 0.014188 0.001833 0.000000
t= 3480.000000 0.000000 0.146417 0.173083 0.128917 0.470563 0.064646 0.014792 0.001583 0.000000
t= 3500.000000 0.000000 0.147104 0.173875 0.129166 0.470563 0.063417 0.014333 0.001521 0.000021
t= 3520.000000 0.000000 0.147875 0.174646 0.129542 0.470333 0.062896 0.013063 0.001646 0.000000
t= 3540.000000 0.000000 0.148625 0.175250 0.129625 0.469792 0.062479 0.012771 0.001375 0.000083
t= 3560.000000 0.000000 0.149208 0.175917 0.129896 0.469375 0.061729 0.012521 0.001312 0.000042
t= 3580.000000 0.000000 0.149855 0.176584 0.130270 0.469146 0.060937 0.011958 0.001250 0.000000
t= 3600.000000 0.000000 0.150354 0.177229 0.130458 0.469396 0.059792 0.011500 0.001271 0.000000
t= 3620.000000 0.000000 0.151250 0.177792 0.130687 0.468813 0.059021 0.011104 0.001312 0.000021
t= 3640.000000 0.000000 0.151854 0.178396 0.131146 0.468125 0.058271 0.010750 0.001458 0.000000
t= 3660.000000 0.000000 0.152667 0.178917 0.131333 0.468354 0.056729 0.010708 0.001271 0.000021
t= 3680.000000 0.000000 0.153375 0.179396 0.131688 0.468271 0.055271 0.010625 0.001375 0.000000
t= 3700.000000 0.000000 0.154146 0.180041 0.131833 0.467729 0.054458 0.010417 0.001354 0.000021
t= 3720.000000 0.000000 0.154729 0.180812 0.132167 0.466771 0.054104 0.009979 0.001438 0.000000
t= 3740.000000 0.000000 0.155396 0.181292 0.132458 0.466396 0.053396 0.009563 0.001500 0.000000
t= 3760.000000 0.000000 0.155979 0.182063 0.132291 0.465208 0.053625 0.009229 0.001604 0.000000
t= 3780.000000 0.000000 0.156521 0.182833 0.132416 0.464229 0.053104 0.009104 0.001792 0.000000
t= 3800.000000 0.000000 0.157438 0.183416 0.132687 0.462750 0.052521 0.009333 0.001854 0.000000
t= 3820.000000 0.000000 0.158229 0.183792 0.132917 0.461729 0.052354 0.009042 0.001938 0.000000
t= 3840.000000 0.000000 0.158896 0.184313 0.133125 0.460479 0.052646 0.008604 0.001938 0.000000
t= 3860.000000 0.000000 0.159583 0.184917 0.133083 0.458833 0.053313 0.008438 0.001833 0.000000
t= 3880.000000 0.000000 0.160104 0.185500 0.133292 0.457250 0.053917 0.008229 0.001646 0.000063
t= 3900.000000 0.000000 0.160729 0.185937 0.133396 0.456458 0.053938 0.007855 0.001583 0.000104
t= 3920.000000 0.000000 0.161312 0.186437 0.133542 0.455500 0.054083 0.007688 0.001292 0.000146
t= 3940.000000 0.000000 0.161812 0.187146 0.133771 0.454542 0.053750 0.007708 0.001146 0.000125
t= 3960.000000 0.000000 0.162479 0.187604 0.133895 0.453708 0.053750 0.007417 0.001042 0.000104
t= 3980.000000 0.000000 0.163250 0.188104 0.134062 0.452750 0.053708 0.006980 0.001021 0.000125
t= 4000.000000 0.000000 0.163937 0.188937 0.134063 0.452042 0.053271 0.006771 0.000833 0.000146
t= 4020.000000 0.000000 0.164437 0.189729 0.134167 0.451354 0.052792 0.006813 0.000583 0.000125
t= 4040.000000 0.000000 0.164896 0.190396 0.134271 0.450292 0.052938 0.006563 0.000542 0.000104
t= 4060.000000 0.000000 0.165688 0.190979 0.134479 0.449083 0.052688 0.006521 0.000500 0.000063
t= 4080.000000 0.000000 0.166187 0.191667 0.134584 0.447958 0.052688 0.006417 0.000438 0.000063
t= 4100.000000 0.000000 0.166812 0.192417 0.134708 0.447396 0.051958 0.006292 0.000375 0.000042
t= 4120.000000 0.000000 0.167459 0.192917 0.134792 0.447062 0.051042 0.006334 0.000354 0.000042
t= 4140.000000 0.000000 0.167937 0.193541 0.135083 0.446188 0.050479 0.006375 0.000333 0.000063
t= 4160.000000 0.000000 0.168354 0.194083 0.135229 0.445292 0.050333 0.006459 0.000250 0.000000
t= 4180.000000 0.000000 0.169146 0.194500 0.135375 0.443229 0.051104 0.006375 0.000271 0.000000
t= 4200.000000 0.000000 0.169917 0.194854 0.135542 0.440958 0.052396 0.006084 0.000250 0.000000
t= 4220.000000 0.000000 0.170771 0.194875 0.135687 0.439167 0.053271 0.006042 0.000188 0.000000
t= 4240.000000 0.000000 0.171291 0.195395 0.135729 0.438250 0.053271 0.005896 0.000167 0.000000
t= 4260.000000 0.000000 0.172000 0.195854 0.135875 0.437271 0.052938 0.005875 0.000188 0.000000
t= 4280.000000 0.000000 0.172625 0.196562 0.136104 0.436479 0.052438 0.005625 0.000167 0.000000
t= 4300.000000 0.000000 0.173208 0.197250 0.136229 0.435708 0.051938 0.005458 0.000209 0.000000
t= 4320.000000 0.000000 0.173896 0.197750 0.136333 0.435500 0.050979 0.005333 0.000208 0.000000
t= 4340.000000 0.000000 0.174500 0.198459 0.136416 0.434563 0.050563 0.005250 0.000250 0.000000
t= 4360.000000 0.000000 0.175166 0.198875 0.136833 0.433333 0.050375 0.005146 0.000271 0.000000
t= 4380.000000 0.000000 0.175833 0.199500 0.137041 0.432417 0.049834 0.005125 0.000250 0.000000
t= 4400.000000 0.000000 0.176479 0.199625 0.137333 0.431480 0.049771 0.005084 0.000229 0.000000
t= 4420.000000 0.000000 0.177208 0.199979 0.137521 0.430854 0.049208 0.004959 0.000271 0.000000
t= 4440.000000 0.000000 0.177896 0.200479 0.137937 0.429729 0.048854 0.004834 0.000271 0.000000
t= 4460.000000 0.000000 0.178687 0.200917 0.138021 0.429062 0.048292 0.004750 0.000271 0.000000
t= 4480.000000 0.000000 0.179271 0.201438 0.138041 0.427958 0.048396 0.004604 0.000292 0.000000
t= 4500.000000 0.000000 0.179812 0.202083 0.138167 0.427000 0.048125 0.004521 0.000292 0.000000
t= 4520.000000 0.000000 0.180292 0.202458 0.138312 0.426104 0.048000 0.004521 0.000312 0.000000
t= 4540.000000 0.000000 0.180916 0.202916 0.138458 0.425208 0.047667 0.004584 0.000250 0.000000
t= 4560.000000 0.000000 0.181437 0.203250 0.138500 0.425625 0.046417 0.004542 0.000229 0.000000
t= 4580.000000 0.000000 0.181958 0.203958 0.138646 0.425167 0.045542 0.004500 0.000229 0.000000
t= 4600.000000 0.000000 0.182833 0.204646 0.138729 0.424584 0.044542 0.004438 0.000229 0.000000
t= 4620.000000 0.000000 0.183333 0.205313 0.138833 0.424417 0.043521 0.004355 0.000229 0.000000
t= 4640.000000 0.000000 0.183958 0.205667 0.139208 0.424208 0.042438 0.004292 0.000229 0.000000
t= 4660.000000 0.000000 0.184625 0.206584 0.139375 0.423250 0.041625 0.004292 0.000250 0.000000
t= 4680.000000 0.000000 0.185104 0.207167 0.139604 0.422250 0.041438 0.004188 0.000250 0.000000
t= 4700.000000 0.000000 0.185771 0.207583 0.139646 0.421438 0.041188 0.004146 0.000229 0.000000
t= 4720.000000 0.000000 0.186479 0.208062 0.139729 0.419708 0.041709 0.004063 0.000250 0.000000
t= 4740.000000 0.000000 0.187166 0.208479 0.139791 0.417625 0.042583 0.004125 0.000229 0.000000
t= 4760.000000 0.000000 0.187916 0.208979 0.139916 0.414792 0.044188 0.003979 0.000229 0.000000
t= 4780.000000 0.000000 0.188542 0.209438 0.140166 0.413979 0.043729 0.003896 0.000250 0.000000
t= 4800.000000 0.000000 0.189354 0.209604 0.140500 0.413604 0.042729 0.004000 0.000208 0.000000
t= 4820.000000 0.000000 0.189896 0.209875 0.140917 0.412896 0.042167 0.004063 0.000187 0.000000
t= 4840.000000 0.000000 0.190646 0.210354 0.141000 0.412062 0.041750 0.004000 0.000187 0.000000
t= 4860.000000 0.000000 0.191333 0.210604 0.141208 0.411229 0.041438 0.004000 0.000125 0.000063
t= 4880.000000 0.000000 0.191834 0.211020 0.141333 0.409000 0.042667 0.003958 0.000167 0.000021
t= 4900.000000 0.000000 0.192375 0.211396 0.141375 0.406083 0.044563 0.004021 0.000146 0.000042
t= 4920.000000 0.000000 0.192896 0.212021 0.141208 0.405188 0.044521 0.004000 0.000063 0.000104
t= 4940.000000 0.000000 0.193541 0.212458 0.141187 0.404042 0.044542 0.004063 0.000104 0.000063
t= 4960.000000 0.000000 0.194125 0.212875 0.141500 0.403417 0.043917 0.004000 0.000104 0.000063
t= 4980.000000 0.000000 0.194937 0.213000 0.141958 0.403417 0.042542 0.003979 0.000083 0.000083
t= 5000.000000 0.000000 0.195604 0.213396 0.142229 0.403354 0.041250 0.003979 0.000125 0.000063
t= 5020.000000 0.000000 0.196167 0.213937 0.142208 0.403854 0.039583 0.004042 0.000167 0.000042
t= 5040.000000 0.000000 0.196896 0.214229 0.142479 0.402229 0.039917 0.004084 0.000146 0.000021
t= 5060.000000 0.000000 0.197583 0.214667 0.142458 0.401354 0.039708 0.003958 0.000250 0.000021
t= 5080.000000 0.000000 0.198292 0.215208 0.142854 0.400104 0.039167 0.004042 0.000312 0.000021
t= 5100.000000 0.000000 0.198937 0.215542 0.143104 0.398542 0.039354 0.004167 0.000333 0.000021
t= 5120.000000 0.000000 0.199750 0.215708 0.143354 0.395541 0.041354 0.003958 0.000312 0.000021
t= 5140.000000 0.000000 0.200292 0.216104 0.143542 0.393167 0.042583 0.003959 0.000313 0.000042
t= 5160.000000 0.000000 0.200979 0.216500 0.143604 0.391959 0.042542 0.004062 0.000312 0.000042
t= 5180.000000 0.000000 0.201604 0.216791 0.143729 0.391104 0.042563 0.003917 0.000250 0.000042
t= 5200.000000 0.000000 0.202167 0.217334 0.143896 0.389854 0.042770 0.003750 0.000208 0.000021
t= 5220.000000 0.000000 0.202812 0.217583 0.144104 0.388458 0.043187 0.003583 0.000271 0.000000
t= 5240.000000 0.000000 0.203208 0.218104 0.144166 0.388063 0.042687 0.003563 0.000208 0.000000
t= 5260.000000 0.000000 0.204042 0.218250 0.144375 0.387187 0.042542 0.003417 0.000188 0.000000
t= 5280.000000 0.000000 0.204604 0.218708 0.144688 0.384396 0.044042 0.003396 0.000167 0.000000
t= 5300.000000 0.000000 0.205271 0.219125 0.144708 0.381875 0.045438 0.003375 0.000209 0.000000
t= 5320.000000 0.000000 0.206063 0.219500 0.144896 0.381250 0.044375 0.003730 0.000188 0.000000
t= 5340.000000 0.000000 0.206687 0.219833 0.145083 0.380937 0.043646 0.003646 0.000167 0.000000
t= 5360.000000 0.000000 0.207271 0.220125 0.145375 0.380521 0.043042 0.003542 0.000125 0.000000
t= 5380.000000 0.000000 0.207917 0.220354 0.145417 0.379354 0.043542 0.003250 0.000167 0.000000
t= 5400.000000 0.000000 0.208812 0.220688 0.145521 0.378438 0.043229 0.003146 0.000167 0.000000
t= 5420.000000 0.000000 0.209333 0.221188 0.145583 0.377208 0.043584 0.002959 0.000146 0.000000
t= 5440.000000 0.000000 0.210042 0.221416 0.145604 0.376250 0.043709 0.002854 0.000125 0.000000
t= 5460.000000 0.000000 0.210729 0.221729 0.145771 0.375833 0.042813 0.002979 0.000146 0.000000
t= 5480.000000 0.000000 0.211458 0.222063 0.145979 0.374188 0.043271 0.002875 0.000167 0.000000
t= 5500.000000 0.000000 0.211917 0.222458 0.146292 0.373333 0.042959 0.002875 0.000167 0.000000
t= 5520.000000 0.000000 0.212688 0.222833 0.146250 0.373000 0.042313 0.002750 0.000167 0.000000
t= 5540.000000 0.000000 0.213354 0.223188 0.146208 0.372542 0.041854 0.002667 0.000188 0.000000
t= 5560.000000 0.000000 0.214146 0.223375 0.146395 0.371854 0.041500 0.002542 0.000188 0.000000
t= 5580.000000 0.000000 0.214813 0.223541 0.146458 0.371188 0.041375 0.002417 0.000208 0.000000
t= 5600.000000 0.000000 0.215604 0.223562 0.146604 0.370333 0.041146 0.002563 0.000188 0.000000
t= 5620.000000 0.000000 0.216438 0.224125 0.146479 0.369188 0.040979 0.002604 0.000188 0.000000
t= 5640.000000 0.000000 0.217125 0.224500 0.146708 0.368771 0.040000 0.002729 0.000167 0.000000
t= 5660.000000 0.000000 0.217771 0.224917 0.147021 0.367438 0.039813 0.002917 0.000104 0.000021
t= 5680.000000 0.000000 0.218520 0.225208 0.146896 0.366958 0.038854 0.003375 0.000187 0.000000
t= 5700.000000 0.000000 0.219500 0.225500 0.146958 0.365625 0.038459 0.003771 0.000187 0.000000
t= 5720.000000 0.000000 0.220229 0.225688 0.147021 0.364688 0.038417 0.003812 0.000125 0.000021
t= 5740.000000 0.000000 0.221000 0.225833 0.147125 0.363792 0.038646 0.003438 0.000167 0.000000
t= 5760.000000 0.000000 0.221625 0.226042 0.147229 0.362542 0.039437 0.002896 0.000229 0.000000
t= 5780.000000 0.000000 0.222208 0.226396 0.147250 0.361500 0.039875 0.002542 0.000229 0.000000
t= 5800.000000 0.000000 0.222917 0.226708 0.147354 0.360917 0.039375 0.002563 0.000146 0.000021
t= 5820.000000 0.000000 0.223729 0.227250 0.147292 0.359521 0.039833 0.002208 0.000167 0.000000
t= 5840.000000 0.000000 0.224646 0.227542 0.147500 0.357646 0.040521 0.002000 0.000146 0.000000
t= 5860.000000 0.000000 0.225354 0.227500 0.147583 0.356458 0.041083 0.001917 0.000104 0.000000
t= 5880.000000 0.000000 0.226083 0.227812 0.147812 0.355729 0.040729 0.001687 0.000146 0.000000
t= 5900.000000 0.000000 0.226771 0.228000 0.148021 0.354542 0.040958 0.001583 0.000125 0.000000
t= 5920.000000 0.000000 0.227521 0.228375 0.148042 0.354312 0.040167 0.001479 0.000104 0.000000
t= 5940.000000 0.000000 0.228271 0.228500 0.148062 0.354250 0.039271 0.001500 0.000146 0.000000
t= 5960.000000 0.000000 0.229104 0.228750 0.148000 0.354583 0.037771 0.001563 0.000229 0.000000
t= 5980.000000 0.000000 0.229708 0.229208 0.148063 0.353292 0.037667 0.001584 0.000479 0.000000
t= 6000.000000 0.000000 0.230313 0.229604 0.148125 0.351958 0.037563 0.001625 0.000812 0.000000
t= 6020.000000 0.000000 0.230917 0.229854 0.148187 0.350063 0.038500 0.001688 0.000792 0.000000
t= 6040.000000 0.000000 0.231583 0.230396 0.148354 0.346729 0.040333 0.001896 0.000708 0.000000
t= 6060.000000 0.000000 0.232146 0.230750 0.148417 0.343667 0.042417 0.001896 0.000708 0.000000
t= 6080.000000 0.000000 0.232917 0.230813 0.148354 0.341417 0.043875 0.002084 0.000542 0.000000
t= 6100.000000 0.000000 0.233687 0.231042 0.148271 0.339479 0.044938 0.002104 0.000479 0.000000
t= 6120.000000 0.000000 0.234313 0.231375 0.148084 0.337896 0.045854 0.002000 0.000479 0.000000
t= 6140.000000 0.000000 0.234937 0.231875 0.148041 0.337480 0.045333 0.001937 0.000396 0.000000
t= 6160.000000 0.000000 0.235729 0.232333 0.147875 0.336667 0.045208 0.001834 0.000354 0.000000
t= 6180.000000 0.000000 0.236584 0.232479 0.147708 0.338459 0.042646 0.001854 0.000229 0.000042
t= 6200.000000 0.000000 0.237375 0.232563 0.147750 0.340750 0.039479 0.001833 0.000208 0.000042
t= 6220.000000 0.000000 0.238062 0.232958 0.147667 0.342042 0.037271 0.001792 0.000209 0.000000
t= 6240.000000 0.000000 0.238771 0.233333 0.147708 0.342146 0.036104 0.001792 0.000146 0.000000
t= 6260.000000 0.000000 0.239521 0.233500 0.147729 0.342000 0.035209 0.001917 0.000125 0.000000
t= 6280.000000 0.000000 0.240375 0.233938 0.147563 0.342542 0.033479 0.001979 0.000104 0.000021
t= 6300.000000 0.000000 0.241187 0.234313 0.147438 0.342417 0.032458 0.002063 0.000125 0.000000
t= 6320.000000 0.000000 0.241833 0.234417 0.147458 0.342479 0.031521 0.002188 0.000083 0.000021
t= 6340.000000 0.000000 0.242479 0.234625 0.147521 0.342146 0.031084 0.002042 0.000104 0.000000
t= 6360.000000 0.000000 0.243271 0.234771 0.147667 0.341396 0.030854 0.001958 0.000083 0.000000
t= 6380.000000 0.000000 0.244229 0.234917 0.147604 0.341000 0.030292 0.001896 0.000063 0.000000
t= 6400.000000 0.000000 0.245062 0.235021 0.147625 0.340438 0.029938 0.001875 0.000042 0.000000
t= 6420.000000 0.000000 0.245646 0.235396 0.147583 0.340333 0.029042 0.001917 0.000083 0.000000
t= 6440.000000 0.000000 0.246166 0.235583 0.147875 0.339958 0.028417 0.001875 0.000125 0.000000
t= 6460.000000 0.000000 0.246792 0.235792 0.147917 0.339354 0.027750 0.002250 0.000146 0.000000
t= 6480.000000 0.000000 0.247375 0.236083 0.148083 0.338917 0.027292 0.002125 0.000125 0.000000
t= 6500.000000 0.000000 0.248000 0.236292 0.147896 0.338687 0.027104 0.001875 0.000146 0.000000
t= 6520.000000 0.000000 0.248771 0.236480 0.147896 0.338000 0.026917 0.001834 0.000104 0.000000
t= 6540.000000 0.000000 0.249562 0.237042 0.147854 0.337208 0.026604 0.001604 0.000125 0.000000
t= 6560.000000 0.000000 0.250208 0.237542 0.147792 0.336625 0.026292 0.001437 0.000104 0.000000
t= 6580.000000 0.000000 0.251000 0.237833 0.147687 0.335854 0.026000 0.001542 0.000083 0.000000
t= 6600.000000 0.000000 0.251646 0.238271 0.147521 0.335375 0.025458 0.001605 0.000125 0.000000
t= 6620.000000 0.000000 0.252292 0.238688 0.147438 0.334938 0.024958 0.001563 0.000125 0.000000
t= 6640.000000 0.000000 0.252917 0.238896 0.147458 0.334521 0.024646 0.001459 0.000104 0.000000
t= 6660.000000 0.000000 0.253396 0.239416 0.147396 0.334167 0.024063 0.001458 0.000104 0.000000
t= 6680.000000 0.000000 0.254042 0.239750 0.147354 0.333646 0.023646 0.001458 0.000104 0.000000
t= 6700.000000 0.000000 0.254708 0.240062 0.147312 0.332667 0.023666 0.001500 0.000083 0.000000
t= 6720.000000 0.000000 0.255417 0.240271 0.147354 0.331000 0.024354 0.001521 0.000083 0.000000
t= 6740.000000 0.000000 0.256083 0.240541 0.147312 0.329896 0.024604 0.001480 0.000083 0.000000
t= 6760.000000 0.000000 0.256771 0.240937 0.147417 0.326708 0.026521 0.001542 0.000104 0.000000
t= 6780.000000 0.000000 0.257479 0.241229 0.147563 0.324833 0.027146 0.001646 0.000104 0.000000
t= 6800.000000 0.000000 0.258125 0.241542 0.147521 0.324396 0.026667 0.001667 0.000083 0.000000
t= 6820.000000 0.000000 0.258833 0.241896 0.147729 0.323812 0.026063 0.001583 0.000083 0.000000
t= 6840.000000 0.000000 0.259521 0.242021 0.147771 0.323771 0.025292 0.001542 0.000083 0.000000
t= 6860.000000 0.000000 0.260271 0.242271 0.147666 0.323583 0.024584 0.001542 0.000083 0.000000
t= 6880.000000 0.000000 0.260895 0.242437 0.147688 0.323271 0.024104 0.001521 0.000083 0.000000
t= 6900.000000 0.000000 0.261375 0.242688 0.147708 0.322479 0.024104 0.001562 0.000083 0.000000
t= 6920.000000 0.000000 0.261917 0.242979 0.147604 0.321646 0.024146 0.001625 0.000083 0.000000
t= 6940.000000 0.000000 0.262771 0.243208 0.147458 0.320979 0.023979 0.001542 0.000063 0.000000
t= 6960.000000 0.000000 0.263167 0.243500 0.147562 0.320396 0.023896 0.001417 0.000063 0.000000
t= 6980.000000 0.000000 0.263937 0.243687 0.147646 0.319313 0.023980 0.001375 0.000063 0.000000
t= 7000.000000 0.000000 0.264500 0.243979 0.147583 0.318438 0.024167 0.001271 0.000063 0.000000
t= 7020.000000 0.000000 0.265125 0.244167 0.147687 0.316396 0.025333 0.001250 0.000042 0.000000
t= 7040.000000 0.000000 0.265646 0.244521 0.147667 0.315521 0.025292 0.001313 0.000042 0.000000
t= 7060.000000 0.000000 0.266313 0.244687 0.147667 0.314687 0.025334 0.001271 0.000042 0.000000
t= 7080.000000 0.000000 0.266875 0.244833 0.147771 0.313750 0.025458 0.001271 0.000042 0.000000
t= 7100.000000 0.000000 0.267542 0.245042 0.147937 0.312625 0.025521 0.001292 0.000042 0.000000
t= 7120.000000 0.000000 0.268062 0.245250 0.148042 0.312146 0.025083 0.001375 0.000042 0.000000
t= 7140.000000 0.000000 0.268646 0.245604 0.148021 0.311521 0.024771 0.001396 0.000042 0.000000
t= 7160.000000 0.000000 0.269250 0.245979 0.148062 0.310708 0.024563 0.001396 0.000042 0.000000
t= 7180.000000 0.000000 0.269646 0.246313 0.147979 0.310333 0.024063 0.001625 0.000042 0.000000
t= 7200.000000 0.000000 0.270375 0.246438 0.147896 0.310000 0.023792 0.001459 0.000042 0.000000
t= 7220.000000 0.000000 0.271146 0.246667 0.147833 0.309333 0.023438 0.001542 0.000042 0.000000
t= 7240.000000 0.000000 0.271854 0.246896 0.147646 0.308771 0.023396 0.001396 0.000042 0.000000
t= 7260.000000 0.000000 0.272500 0.247209 0.147416 0.307729 0.023792 0.001313 0.000042 0.000000
t= 7280.000000 0.000000 0.273187 0.247271 0.147292 0.307062 0.023958 0.001188 0.000042 0.000000
t= 7300.000000 0.000000 0.274104 0.247146 0.147229 0.306396 0.023833 0.001250 0.000042 0.000000
t= 7320.000000 0.000000 0.274438 0.247563 0.147271 0.305917 0.023563 0.001229 0.000021 0.000000
t= 7340.000000 0.000000 0.275146 0.247458 0.147229 0.305729 0.023167 0.001250 0.000021 0.000000
t= 7360.000000 0.000000 0.275855 0.247708 0.147312 0.305125 0.022750 0.001229 0.000021 0.000000
t= 7380.000000 0.000000 0.276438 0.248104 0.147292 0.304459 0.022459 0.001208 0.000042 0.000000
t= 7400.000000 0.000000 0.277167 0.248146 0.147354 0.304000 0.022042 0.001271 0.000021 0.000000
t= 7420.000000 0.000000 0.277771 0.248167 0.147479 0.303313 0.021979 0.001250 0.000042 0.000000
t= 7440.000000 0.000000 0.278458 0.248229 0.147396 0.302750 0.021771 0.001375 0.000021 0.000000
t= 7460.000000 0.000000 0.279208 0.248604 0.147291 0.301708 0.021729 0.001438 0.000021 0.000000
t= 7480.000000 0.000000 0.279667 0.248834 0.147333 0.300396 0.022229 0.001521 0.000021 0.000000
t= 7500.000000 0.000000 0.279979 0.249146 0.147458 0.298834 0.023083 0.001479 0.000021 0.000000
t= 7520.000000 0.000000 0.280563 0.249500 0.147541 0.296834 0.024000 0.001521 0.000042 0.000000
t= 7540.000000 0.000000 0.281437 0.249875 0.147271 0.295396 0.024500 0.001417 0.000104 0.000000
t= 7560.000000 0.000000 0.282188 0.250125 0.147062 0.294563 0.024271 0.001500 0.000292 0.000000
t= 7580.000000 0.000000 0.282688 0.250396 0.147208 0.293833 0.023709 0.001917 0.000250 0.000000
t= 7600.000000 0.000000 0.283333 0.250646 0.147167 0.292542 0.023834 0.002271 0.000208 0.000000
t= 7620.000000 0.000000 0.284083 0.250562 0.147396 0.291271 0.023938 0.002625 0.000125 0.000000
t= 7640.000000 0.000000 0.284854 0.250458 0.147396 0.291021 0.023208 0.003042 0.000021 0.000000
t= 7660.000000 0.000000 0.285292 0.250959 0.147146 0.290417 0.023021 0.003146 0.000021 0.000000
t= 7680.000000 0.000000 0.285875 0.251271 0.147083 0.289438 0.022917 0.003396 0.000021 0.000000
t= 7700.000000 0.000000 0.286396 0.251604 0.146917 0.289333 0.022021 0.003708 0.000021 0.000000
t= 7720.000000 0.000000 0.287209 0.251771 0.146854 0.289542 0.020979 0.003646 0.000000 0.000000
t= 7740.000000 0.000000 0.287771 0.251875 0.146708 0.289396 0.020479 0.003750 0.000000 0.000021
t= 7760.000000 0.000000 0.288270 0.252188 0.146667 0.289125 0.019937 0.003771 0.000042 0.000000
t= 7780.000000 0.000000 0.288937 0.252375 0.146562 0.288917 0.019354 0.003854 0.000000 0.000000
t= 7800.000000 0.000000 0.289563 0.252375 0.146604 0.288625 0.019083 0.003750 0.000000 0.000000
t= 7820.000000 0.000000 0.290229 0.252500 0.146479 0.288084 0.019021 0.003687 0.000000 0.000000
t= 7840.000000 0.000000 0.290979 0.252729 0.146375 0.287646 0.018562 0.003709 0.000000 0.000000
t= 7860.000000 0.000000 0.291646 0.252938 0.146375 0.286708 0.018854 0.003480 0.000000 0.000000
t= 7880.000000 0.000000 0.292229 0.253083 0.146250 0.286042 0.019021 0.003375 0.000000 0.000000
t= 7900.000000 0.000000 0.292792 0.253396 0.146125 0.285666 0.018792 0.003229 0.000000 0.000000
t= 7920.000000 0.000000 0.293417 0.253709 0.145812 0.285312 0.018437 0.003312 0.000000 0.000000
t= 7940.000000 0.000000 0.294063 0.254000 0.145479 0.285021 0.017958 0.003479 0.000000 0.000000
t= 7960.000000 0.000000 0.294687 0.254354 0.145250 0.284646 0.017583 0.003479 0.000000 0.000000
t= 7980.000000 0.000000 0.295208 0.254584 0.145166 0.284667 0.016875 0.003458 0.000042 0.000000
t= 8000.000000 0.000000 0.296000 0.254687 0.145104 0.284313 0.016500 0.003292 0.000104 0.000000
t= 8020.000000 0.000000 0.296437 0.255000 0.145021 0.283667 0.016396 0.003396 0.000083 0.000000
t= 8040.000000 0.000000 0.297063 0.255271 0.144958 0.282792 0.016563 0.003271 0.000083 0.000000
t= 8060.000000 0.000000 0.297771 0.255437 0.144833 0.282209 0.016334 0.003354 0.000063 0.000000
t= 8080.000000 0.000000 0.298396 0.255687 0.144625 0.281500 0.016646 0.003083 0.000063 0.000000
t= 8100.000000 0.000000 0.298834 0.256062 0.144666 0.280521 0.016729 0.003104 0.000084 0.000000
t= 8120.000000 0.000000 0.299500 0.256229 0.144708 0.279521 0.017063 0.002875 0.000104 0.000000
t= 8140.000000 0.000000 0.300271 0.256250 0.144708 0.278750 0.017083 0.002813 0.000125 0.000000
t= 8160.000000 0.000000 0.300729 0.256542 0.144750 0.278021 0.017125 0.002708 0.000125 0.000000
t= 8180.000000 0.000000 0.301396 0.256625 0.144771 0.276917 0.017542 0.002687 0.000063 0.000000
t= 8200.000000 0.000000 0.302083 0.256750 0.144583 0.274979 0.019334 0.002250 0.000021 0.000000
t= 8220.000000 0.000000 0.302813 0.257229 0.144375 0.273354 0.020083 0.002146 0.000000 0.000000
