t= 0.000000 0.000000 0.000021 0.000021 0.000000 0.000000 0.000000 0.333333 0.333313 0.333313
t= 20.000000 0.000000 0.000021 0.000021 0.000000 0.000188 0.000459 0.333146 0.333167 0.333000
t= 40.000000 0.000000 0.000021 0.000042 0.000021 0.000271 0.001229 0.333438 0.332792 0.332188
t= 60.000000 0.000000 0.000021 0.000042 0.000042 0.000666 0.001542 0.333521 0.332354 0.331813
t= 80.000000 0.000000 0.000021 0.000042 0.000063 0.001000 0.002875 0.334042 0.330729 0.331229
t= 100.000000 0.000000 0.000021 0.000063 0.000063 0.001271 0.003333 0.333917 0.330354 0.330979
t= 120.000000 0.000000 0.000021 0.000084 0.000063 0.002146 0.005333 0.333875 0.327563 0.330917
t= 140.000000 0.000000 0.000042 0.000125 0.000063 0.002917 0.006292 0.332938 0.327146 0.330479
t= 160.000000 0.000000 0.000042 0.000167 0.000063 0.003375 0.006750 0.334813 0.327646 0.327146
t= 180.000000 0.000000 0.000042 0.000188 0.000063 0.004208 0.006959 0.335646 0.329000 0.323896
t= 200.000000 0.000000 0.000042 0.000188 0.000063 0.004666 0.007625 0.336521 0.326938 0.323959
t= 220.000000 0.000000 0.000042 0.000209 0.000063 0.004896 0.007834 0.336854 0.326000 0.324104
t= 240.000000 0.000000 0.000042 0.000229 0.000063 0.005063 0.008896 0.337313 0.325542 0.322854
t= 260.000000 0.000000 0.000042 0.000229 0.000063 0.005604 0.009500 0.338875 0.323771 0.321917
t= 280.000000 0.000000 0.000042 0.000250 0.000042 0.005771 0.010542 0.338729 0.323042 0.321583
t= 300.000000 0.000000 0.000042 0.000313 0.000063 0.005959 0.011188 0.339021 0.323292 0.320125
t= 320.000000 0.000000 0.000063 0.000313 0.000083 0.006292 0.012104 0.339229 0.323000 0.318917
t= 340.000000 0.000000 0.000063 0.000313 0.000083 0.006438 0.012729 0.340271 0.321604 0.318500
t= 360.000000 0.000000 0.000063 0.000334 0.000083 0.006750 0.013104 0.340313 0.322958 0.316396
t= 380.000000 0.000000 0.000063 0.000334 0.000083 0.006938 0.013271 0.341521 0.321521 0.316271
t= 400.000000 0.000000 0.000084 0.000313 0.000146 0.007375 0.013375 0.347875 0.315250 0.315583
t= 420.000000 0.000000 0.000104 0.000313 0.000188 0.008146 0.014271 0.351208 0.310688 0.315083
t= 440.000000 0.000000 0.000125 0.000354 0.000209 0.009021 0.015542 0.351937 0.308750 0.314063
t= 460.000000 0.000000 0.000125 0.000354 0.000250 0.009500 0.016542 0.351854 0.307979 0.313396
t= 480.000000 0.000000 0.000125 0.000333 0.000271 0.010688 0.016354 0.354313 0.306875 0.311042
t= 500.000000 0.000000 0.000125 0.000354 0.000271 0.011125 0.018563 0.353625 0.309167 0.306771
t= 520.000000 0.000000 0.000125 0.000354 0.000313 0.011625 0.019250 0.353813 0.309334 0.305188
t= 540.000000 0.000000 0.000146 0.000354 0.000313 0.012084 0.020042 0.354375 0.310771 0.301917
t= 560.000000 0.000000 0.000146 0.000396 0.000292 0.012417 0.021896 0.359438 0.304354 0.301063
t= 580.000000 0.000000 0.000167 0.000417 0.000354 0.012729 0.023938 0.356396 0.305938 0.300063
t= 600.000000 0.000000 0.000188 0.000417 0.000354 0.013917 0.023709 0.356417 0.306104 0.298896
t= 620.000000 0.000000 0.000188 0.000417 0.000396 0.014958 0.021813 0.358542 0.305625 0.298062
t= 640.000000 0.000000 0.000188 0.000438 0.000396 0.015229 0.023625 0.358063 0.304896 0.297167
t= 660.000000 0.000000 0.000188 0.000459 0.000396 0.015959 0.024229 0.359146 0.303917 0.295708
t= 680.000000 0.000000 0.000208 0.000480 0.000417 0.017167 0.024271 0.358917 0.304521 0.294021
t= 700.000000 0.000000 0.000208 0.000521 0.000417 0.018313 0.024854 0.363375 0.298437 0.293875
t= 720.000000 0.000000 0.000208 0.000542 0.000438 0.018875 0.026334 0.363021 0.297833 0.292750
t= 740.000000 0.000000 0.000208 0.000563 0.000459 0.020084 0.027271 0.362479 0.297333 0.291604
t= 760.000000 0.000000 0.000229 0.000563 0.000479 0.021917 0.027563 0.361666 0.296896 0.290687
t= 780.000000 0.000000 0.000271 0.000563 0.000521 0.023250 0.027563 0.362479 0.296313 0.289042
t= 800.000000 0.000000 0.000292 0.000563 0.000562 0.024375 0.029209 0.361979 0.296854 0.286167
t= 820.000000 0.000000 0.000354 0.000646 0.000542 0.024792 0.030042 0.362438 0.296417 0.284771
t= 840.000000 0.000000 0.000354 0.000646 0.000542 0.026209 0.029896 0.361792 0.296104 0.284458
t= 860.000000 0.000000 0.000438 0.000730 0.000542 0.026667 0.030459 0.365625 0.292771 0.282771
t= 880.000000 0.000000 0.000458 0.000750 0.000542 0.027334 0.031480 0.369021 0.288709 0.281708
t= 900.000000 0.000000 0.000479 0.000750 0.000542 0.027667 0.032646 0.369000 0.287333 0.281583
t= 920.000000 0.000000 0.000500 0.000729 0.000562 0.029375 0.032500 0.369042 0.286479 0.280813
t= 940.000000 0.000000 0.000563 0.000729 0.000583 0.031084 0.034271 0.366479 0.286750 0.279541
t= 960.000000 0.000000 0.000583 0.000750 0.000604 0.032479 0.034625 0.366271 0.286083 0.278604
t= 980.000000 0.000000 0.000583 0.000750 0.000604 0.032833 0.036209 0.365542 0.287271 0.276208
t= 1000.000000 0.000000 0.000583 0.000750 0.000604 0.034271 0.037438 0.365021 0.286396 0.274937
t= 1020.000000 0.000000 0.000625 0.000750 0.000667 0.035188 0.037146 0.366167 0.285833 0.273625
t= 1040.000000 0.000000 0.000625 0.000792 0.000625 0.036625 0.038896 0.364208 0.288667 0.269563
t= 1060.000000 0.000000 0.000625 0.000812 0.000625 0.037167 0.039938 0.371333 0.280687 0.268813
t= 1080.000000 0.000000 0.000646 0.000792 0.000688 0.038042 0.042604 0.369479 0.283000 0.264750
t= 1100.000000 0.000000 0.000667 0.000812 0.000667 0.038563 0.044646 0.368729 0.282583 0.263333
t= 1120.000000 0.000000 0.000708 0.000854 0.000688 0.039334 0.045437 0.369063 0.281167 0.262750
t= 1140.000000 0.000000 0.000729 0.000896 0.000688 0.040667 0.046313 0.368459 0.279604 0.262646
t= 1160.000000 0.000000 0.000729 0.000896 0.000709 0.041229 0.048250 0.368583 0.278042 0.261563
t= 1180.000000 0.000000 0.000729 0.000896 0.000729 0.042875 0.049167 0.369750 0.276792 0.259063
t= 1200.000000 0.000000 0.000771 0.000937 0.000750 0.043125 0.052313 0.368604 0.275771 0.257729
t= 1220.000000 0.000000 0.000771 0.001000 0.000771 0.044375 0.053375 0.368188 0.274375 0.257146
t= 1240.000000 0.000000 0.000792 0.001000 0.000771 0.045313 0.055354 0.367479 0.274292 0.255000
t= 1260.000000 0.000000 0.000792 0.001042 0.000771 0.045896 0.058687 0.365271 0.274229 0.253312
t= 1280.000000 0.000000 0.000792 0.001042 0.000792 0.046896 0.060521 0.365396 0.273688 0.250875
t= 1300.000000 0.000000 0.000855 0.001125 0.000875 0.047792 0.060854 0.365438 0.274375 0.248688
t= 1320.000000 0.000000 0.000875 0.001146 0.000917 0.048208 0.059688 0.369958 0.271938 0.247271
t= 1340.000000 0.000000 0.000896 0.001167 0.000917 0.049625 0.061458 0.367729 0.271812 0.246396
t= 1360.000000 0.000000 0.000896 0.001187 0.000958 0.049167 0.065063 0.365917 0.275562 0.241250
t= 1380.000000 0.000000 0.000896 0.001208 0.000979 0.050188 0.066250 0.367146 0.274896 0.238438
t= 1400.000000 0.000000 0.000896 0.001208 0.001000 0.052250 0.065187 0.367688 0.274396 0.237375
t= 1420.000000 0.000000 0.000896 0.001208 0.001021 0.052917 0.066979 0.366479 0.276083 0.234417
t= 1440.000000 0.000000 0.000917 0.001229 0.001021 0.053771 0.071917 0.362187 0.276834 0.232125
t= 1460.000000 0.000000 0.000959 0.001229 0.001000 0.054187 0.072229 0.362750 0.277750 0.229896
t= 1480.000000 0.000000 0.000959 0.001250 0.001042 0.055188 0.076458 0.359334 0.276980 0.228792
t= 1500.000000 0.000000 0.001000 0.001250 0.001042 0.056500 0.078271 0.357750 0.276396 0.227791
t= 1520.000000 0.000000 0.001021 0.001250 0.001042 0.057646 0.082021 0.351958 0.281729 0.223333
t= 1540.000000 0.000000 0.001021 0.001292 0.001063 0.059104 0.084063 0.351646 0.279542 0.222271
t= 1560.000000 0.000000 0.001021 0.001333 0.001063 0.059479 0.088500 0.347000 0.280625 0.220979
t= 1580.000000 0.000000 0.001021 0.001313 0.001125 0.063917 0.087146 0.346854 0.278792 0.219833
t= 1600.000000 0.000000 0.001021 0.001333 0.001125 0.064854 0.092709 0.332417 0.287333 0.219208
t= 1620.000000 0.000000 0.001042 0.001354 0.001125 0.066813 0.098104 0.327812 0.284833 0.218917
t= 1640.000000 0.000000 0.001042 0.001375 0.001125 0.067021 0.101125 0.326875 0.283271 0.218167
t= 1660.000000 0.000000 0.001042 0.001375 0.001167 0.068250 0.105604 0.319792 0.285083 0.217688
t= 1680.000000 0.000000 0.001062 0.001458 0.001125 0.068833 0.107063 0.318125 0.286562 0.215771
t= 1700.000000 0.000000 0.001083 0.001479 0.001104 0.070458 0.105875 0.319542 0.284792 0.215667
t= 1720.000000 0.000000 0.001063 0.001542 0.001125 0.070917 0.106688 0.319937 0.286104 0.212625
t= 1740.000000 0.000000 0.001042 0.001605 0.001125 0.074271 0.104625 0.318437 0.286333 0.212562
t= 1760.000000 0.000000 0.001084 0.001604 0.001146 0.073646 0.107625 0.308479 0.296812 0.209604
t= 1780.000000 0.000000 0.001125 0.001646 0.001146 0.073021 0.110625 0.306979 0.295521 0.209938
t= 1800.000000 0.000000 0.001125 0.001667 0.001146 0.075271 0.114979 0.302438 0.293729 0.209646
t= 1820.000000 0.000000 0.001167 0.001625 0.001167 0.076771 0.117333 0.304562 0.288417 0.208959
t= 1840.000000 0.000000 0.001167 0.001646 0.001188 0.078313 0.118292 0.300541 0.290208 0.208646
t= 1860.000000 0.000000 0.001208 0.001625 0.001209 0.079605 0.119167 0.298875 0.291084 0.207229
t= 1880.000000 0.000000 0.001229 0.001625 0.001209 0.080979 0.119458 0.301438 0.287354 0.206708
t= 1900.000000 0.000000 0.001250 0.001646 0.001209 0.081625 0.124292 0.300938 0.282854 0.206188
t= 1920.000000 0.000000 0.001250 0.001646 0.001229 0.083458 0.129021 0.296750 0.281229 0.205417
t= 1940.000000 0.000000 0.001292 0.001646 0.001209 0.084167 0.140646 0.287417 0.288083 0.195542
t= 1960.000000 0.000000 0.001313 0.001646 0.001209 0.085500 0.140417 0.287542 0.288604 0.193771
t= 1980.000000 0.000000 0.001354 0.001625 0.001230 0.086562 0.143146 0.288562 0.284271 0.193250
t= 2000.000000 0.000000 0.001396 0.001646 0.001250 0.087833 0.145062 0.295854 0.271729 0.195229
t= 2020.000000 0.000000 0.001438 0.001708 0.001271 0.089271 0.146917 0.291458 0.280750 0.187188
t= 2040.000000 0.000000 0.001458 0.001688 0.001271 0.093854 0.140063 0.298125 0.275854 0.187688
t= 2060.000000 0.000000 0.001479 0.001729 0.001271 0.095792 0.140334 0.299479 0.273812 0.186104
t= 2080.000000 0.000000 0.001541 0.001771 0.001292 0.097063 0.146479 0.297646 0.273312 0.180896
t= 2100.000000 0.000000 0.001562 0.001792 0.001313 0.097979 0.148396 0.298042 0.270708 0.180208
t= 2120.000000 0.000000 0.001604 0.001813 0.001313 0.099729 0.148917 0.299250 0.267854 0.179521
t= 2140.000000 0.000000 0.001604 0.001875 0.001417 0.100458 0.149812 0.302062 0.261187 0.181584
t= 2160.000000 0.000000 0.001646 0.001896 0.001417 0.101313 0.150375 0.303917 0.261667 0.177771
t= 2180.000000 0.000000 0.001709 0.002000 0.001313 0.103250 0.151396 0.304729 0.258250 0.177354
t= 2200.000000 0.000000 0.001729 0.002021 0.001334 0.104021 0.153208 0.303271 0.258208 0.176208
t= 2220.000000 0.000000 0.001792 0.002021 0.001354 0.104583 0.155500 0.308250 0.250021 0.176479
t= 2240.000000 0.000000 0.001813 0.002084 0.001375 0.108146 0.156375 0.306000 0.249979 0.174229
t= 2260.000000 0.000000 0.001854 0.002084 0.001396 0.109604 0.161604 0.301854 0.249688 0.171917
t= 2280.000000 0.000000 0.001917 0.002146 0.001458 0.110979 0.162625 0.306583 0.244188 0.170104
t= 2300.000000 0.000000 0.002000 0.002188 0.001417 0.113500 0.168687 0.302604 0.240479 0.169125
t= 2320.000000 0.000000 0.002084 0.002208 0.001479 0.114958 0.170584 0.300375 0.240917 0.167396
t= 2340.000000 0.000000 0.002167 0.002271 0.001500 0.115521 0.174562 0.297354 0.239354 0.167271
t= 2360.000000 0.000000 0.002146 0.002292 0.001500 0.117646 0.176062 0.297583 0.237229 0.165542
t= 2380.000000 0.000000 0.002167 0.002292 0.001521 0.118604 0.175729 0.298729 0.235812 0.165146
t= 2400.000000 0.000000 0.002188 0.002333 0.001521 0.122833 0.175187 0.297125 0.237667 0.161146
t= 2420.000000 0.000000 0.002333 0.002354 0.001500 0.126709 0.176917 0.293562 0.237688 0.158938
t= 2440.000000 0.000000 0.002396 0.002375 0.001479 0.128959 0.178125 0.292812 0.237792 0.156063
t= 2460.000000 0.000000 0.002396 0.002396 0.001500 0.131667 0.176604 0.293646 0.236938 0.154854
t= 2480.000000 0.000000 0.002396 0.002438 0.001500 0.133292 0.175833 0.294896 0.235542 0.154104
t= 2500.000000 0.000000 0.002458 0.002542 0.001479 0.135417 0.177687 0.293917 0.233688 0.152813
t= 2520.000000 0.000000 0.002479 0.002542 0.001500 0.137354 0.177187 0.294708 0.232688 0.151542
t= 2540.000000 0.000000 0.002521 0.002542 0.001521 0.138584 0.178500 0.294792 0.230854 0.150688
t= 2560.000000 0.000000 0.002583 0.002625 0.001500 0.140792 0.178271 0.295188 0.230688 0.148354
t= 2580.000000 0.000000 0.002646 0.002667 0.001521 0.141479 0.178667 0.295646 0.231959 0.145417
t= 2600.000000 0.000000 0.002667 0.002667 0.001583 0.142042 0.178708 0.300000 0.227709 0.144625
t= 2620.000000 0.000000 0.002729 0.002688 0.001604 0.143750 0.181021 0.299396 0.224562 0.144250
t= 2640.000000 0.000000 0.002750 0.002792 0.001604 0.146271 0.180833 0.299187 0.222980 0.143583
t= 2660.000000 0.000000 0.002854 0.002729 0.001604 0.147167 0.183750 0.297271 0.222146 0.142479
t= 2680.000000 0.000000 0.002959 0.002646 0.001604 0.149396 0.183292 0.297104 0.221583 0.141417
t= 2700.000000 0.000000 0.002959 0.002708 0.001584 0.150459 0.184667 0.303125 0.214167 0.140334
t= 2720.000000 0.000000 0.003021 0.002729 0.001604 0.151542 0.187667 0.303437 0.211666 0.138333
t= 2740.000000 0.000000 0.003021 0.002813 0.001583 0.152792 0.189459 0.302792 0.209854 0.137688
t= 2760.000000 0.000000 0.003084 0.002792 0.001625 0.154021 0.188771 0.300438 0.213146 0.136125
t= 2780.000000 0.000000 0.003125 0.002813 0.001604 0.155521 0.195167 0.296792 0.213542 0.131437
t= 2800.000000 0.000000 0.003146 0.002833 0.001604 0.156812 0.191771 0.301230 0.212208 0.130396
t= 2820.000000 0.000000 0.003188 0.002792 0.001708 0.158063 0.192729 0.300709 0.210292 0.130521
t= 2840.000000 0.000000 0.003230 0.002855 0.001688 0.161292 0.191271 0.301646 0.208979 0.129042
t= 2860.000000 0.000000 0.003313 0.002771 0.001729 0.163729 0.191479 0.303771 0.206625 0.126583
t= 2880.000000 0.000000 0.003396 0.002771 0.001812 0.166562 0.192583 0.301062 0.206396 0.125417
t= 2900.000000 0.000000 0.003417 0.002875 0.001812 0.168167 0.192875 0.301687 0.204479 0.124688
t= 2920.000000 0.000000 0.003480 0.002854 0.001833 0.171562 0.192229 0.301229 0.202542 0.124271
t= 2940.000000 0.000000 0.003500 0.002854 0.001896 0.172604 0.194875 0.300542 0.201500 0.122230
t= 2960.000000 0.000000 0.003521 0.002854 0.002000 0.174354 0.196375 0.301166 0.199479 0.120250
t= 2980.000000 0.000000 0.003521 0.002959 0.002000 0.176187 0.207833 0.290333 0.197250 0.119917
t= 3000.000000 0.000000 0.003563 0.002958 0.002000 0.176125 0.211937 0.291771 0.191521 0.120125
t= 3020.000000 0.000000 0.003667 0.002938 0.001979 0.178854 0.216021 0.288750 0.188417 0.119375
t= 3040.000000 0.000000 0.003792 0.002938 0.002021 0.181625 0.214646 0.289312 0.188250 0.117417
t= 3060.000000 0.000000 0.003834 0.002979 0.002000 0.182666 0.215917 0.281146 0.194708 0.116750
t= 3080.000000 0.000000 0.003834 0.003042 0.002000 0.184291 0.215604 0.286000 0.189709 0.115521
t= 3100.000000 0.000000 0.003792 0.003146 0.002042 0.185583 0.216958 0.283771 0.189854 0.114854
t= 3120.000000 0.000000 0.003854 0.003146 0.002021 0.186167 0.215791 0.295667 0.179187 0.114167
t= 3140.000000 0.000000 0.003875 0.003146 0.002042 0.187375 0.217771 0.294625 0.177917 0.113250
t= 3160.000000 0.000000 0.003896 0.003208 0.002042 0.189188 0.219125 0.292500 0.181354 0.108688
t= 3180.000000 0.000000 0.003959 0.003167 0.002063 0.192000 0.216042 0.292146 0.182500 0.108125
t= 3200.000000 0.000000 0.004021 0.003208 0.002084 0.193354 0.217750 0.292792 0.179792 0.107000
t= 3220.000000 0.000000 0.004042 0.003313 0.002063 0.193042 0.222396 0.289104 0.179375 0.106667
t= 3240.000000 0.000000 0.004167 0.003354 0.002063 0.194729 0.222958 0.288958 0.178063 0.105708
t= 3260.000000 0.000000 0.004188 0.003375 0.002105 0.195229 0.223979 0.289396 0.177063 0.104667
t= 3280.000000 0.000000 0.004271 0.003396 0.002125 0.199271 0.222958 0.289792 0.174417 0.103771
t= 3300.000000 0.000000 0.004334 0.003396 0.002125 0.197730 0.228292 0.288083 0.173792 0.102250
t= 3320.000000 0.000000 0.004313 0.003458 0.002167 0.206813 0.224813 0.290209 0.167521 0.100709
t= 3340.000000 0.000000 0.004375 0.003417 0.002229 0.208771 0.225854 0.291854 0.162688 0.100813
t= 3360.000000 0.000000 0.004417 0.003479 0.002271 0.211521 0.228625 0.289354 0.162291 0.098042
t= 3380.000000 0.000000 0.004500 0.003459 0.002250 0.212729 0.230250 0.291396 0.155021 0.100396
t= 3400.000000 0.000000 0.004625 0.003479 0.002250 0.214563 0.231229 0.288917 0.154938 0.100000
t= 3420.000000 0.000000 0.004688 0.003500 0.002250 0.218083 0.231000 0.289000 0.152062 0.099417
t= 3440.000000 0.000000 0.004729 0.003500 0.002313 0.219396 0.232375 0.284188 0.154771 0.098729
t= 3460.000000 0.000000 0.004729 0.003604 0.002271 0.221167 0.233542 0.284500 0.152354 0.097833
t= 3480.000000 0.000000 0.004813 0.003584 0.002250 0.223250 0.237000 0.283208 0.149375 0.096521
t= 3500.000000 0.000000 0.004958 0.003542 0.002250 0.225271 0.238458 0.281271 0.151938 0.092312
t= 3520.000000 0.000000 0.005042 0.003479 0.002292 0.227333 0.237250 0.286708 0.146438 0.091458
t= 3540.000000 0.000000 0.005104 0.003459 0.002333 0.228895 0.238479 0.286500 0.144604 0.090625
t= 3560.000000 0.000000 0.005125 0.003417 0.002438 0.230167 0.241979 0.283312 0.143021 0.090542
t= 3580.000000 0.000000 0.005125 0.003438 0.002521 0.231542 0.242146 0.284542 0.140542 0.090146
t= 3600.000000 0.000000 0.005167 0.003417 0.002584 0.232646 0.244083 0.283396 0.138750 0.089958
t= 3620.000000 0.000000 0.005188 0.003417 0.002584 0.235187 0.245979 0.281062 0.137229 0.089354
t= 3640.000000 0.000000 0.005208 0.003438 0.002583 0.233771 0.245459 0.284500 0.136167 0.088875
t= 3660.000000 0.000000 0.005250 0.003458 0.002583 0.236709 0.243770 0.284812 0.137646 0.085771
t= 3680.000000 0.000000 0.005334 0.003542 0.002562 0.239854 0.242292 0.284563 0.136938 0.084917
t= 3700.000000 0.000000 0.005417 0.003584 0.002604 0.241729 0.246083 0.281479 0.134562 0.084542
t= 3720.000000 0.000000 0.005417 0.003459 0.002750 0.242291 0.253041 0.276667 0.132313 0.084062
t= 3740.000000 0.000000 0.005500 0.003521 0.002729 0.243354 0.255271 0.275229 0.129688 0.084708
t= 3760.000000 0.000000 0.005584 0.003479 0.002771 0.244479 0.257229 0.274292 0.128209 0.083958
t= 3780.000000 0.000000 0.005625 0.003542 0.002813 0.244521 0.262125 0.271208 0.127646 0.082521
t= 3800.000000 0.000000 0.005750 0.003542 0.002833 0.246521 0.264146 0.269146 0.127542 0.080521
t= 3820.000000 0.000000 0.005813 0.003521 0.002979 0.247000 0.267750 0.266646 0.126771 0.079521
t= 3840.000000 0.000000 0.005938 0.003542 0.003000 0.248021 0.271771 0.262938 0.125979 0.078813
t= 3860.000000 0.000000 0.006000 0.003604 0.003021 0.248937 0.278417 0.255708 0.125646 0.078667
t= 3880.000000 0.000000 0.006042 0.003646 0.003021 0.251250 0.284042 0.248938 0.125187 0.077875
t= 3900.000000 0.000000 0.006125 0.003667 0.003042 0.253854 0.282750 0.249646 0.123562 0.077354
t= 3920.000000 0.000000 0.006271 0.003688 0.003083 0.255958 0.281979 0.249104 0.123104 0.076812
t= 3940.000000 0.000000 0.006354 0.003646 0.003104 0.256583 0.284229 0.247521 0.122979 0.075583
t= 3960.000000 0.000000 0.006396 0.003813 0.003167 0.260604 0.294542 0.234187 0.122646 0.074646
t= 3980.000000 0.000000 0.006458 0.003854 0.003209 0.260542 0.297354 0.233104 0.120542 0.074938
t= 4000.000000 0.000000 0.006479 0.003896 0.003292 0.262312 0.297812 0.231438 0.119417 0.075355
t= 4020.000000 0.000000 0.006521 0.003959 0.003292 0.264021 0.298875 0.229271 0.118750 0.075313
t= 4040.000000 0.000000 0.006625 0.003938 0.003313 0.271041 0.294333 0.227896 0.116959 0.075896
t= 4060.000000 0.000000 0.006771 0.004021 0.003271 0.272312 0.295229 0.226479 0.116292 0.075625
t= 4080.000000 0.000000 0.006792 0.004042 0.003333 0.273021 0.297792 0.224063 0.116083 0.074875
t= 4100.000000 0.000000 0.006875 0.003979 0.003396 0.273916 0.297833 0.226542 0.112541 0.074917
t= 4120.000000 0.000000 0.006896 0.004000 0.003437 0.276000 0.297708 0.225479 0.111563 0.074917
t= 4140.000000 0.000000 0.006979 0.004021 0.003500 0.279542 0.296521 0.224396 0.111667 0.073375
t= 4160.000000 0.000000 0.007146 0.004000 0.003437 0.277312 0.301875 0.223250 0.110104 0.072875
t= 4180.000000 0.000000 0.007188 0.004042 0.003459 0.279354 0.303229 0.223708 0.106771 0.072250
t= 4200.000000 0.000000 0.007250 0.004063 0.003417 0.279896 0.304271 0.223417 0.105708 0.071979
t= 4220.000000 0.000000 0.007292 0.004104 0.003458 0.280625 0.306271 0.220958 0.105875 0.071417
t= 4240.000000 0.000000 0.007313 0.004167 0.003438 0.280250 0.309229 0.220104 0.104875 0.070625
t= 4260.000000 0.000000 0.007354 0.004188 0.003438 0.281979 0.309042 0.214521 0.109750 0.069729
t= 4280.000000 0.000000 0.007417 0.004188 0.003459 0.283125 0.310834 0.213042 0.108333 0.069604
t= 4300.000000 0.000000 0.007479 0.004250 0.003480 0.286812 0.311208 0.208688 0.108646 0.069437
t= 4320.000000 0.000000 0.007584 0.004355 0.003500 0.288292 0.311500 0.207771 0.108334 0.068666
t= 4340.000000 0.000000 0.007646 0.004375 0.003584 0.289146 0.312479 0.204146 0.113625 0.065000
t= 4360.000000 0.000000 0.007646 0.004417 0.003625 0.291688 0.311709 0.202709 0.113354 0.064854
t= 4380.000000 0.000000 0.007667 0.004521 0.003667 0.294333 0.306250 0.207833 0.111750 0.063979
t= 4400.000000 0.000000 0.007730 0.004646 0.003875 0.295792 0.307896 0.205437 0.110938 0.063688
t= 4420.000000 0.000000 0.007771 0.004771 0.003875 0.296896 0.307500 0.205208 0.112166 0.061812
t= 4440.000000 0.000000 0.007792 0.004792 0.003938 0.298083 0.307917 0.204625 0.112833 0.060021
t= 4460.000000 0.000000 0.007792 0.004896 0.003959 0.299979 0.308750 0.203979 0.112396 0.058250
t= 4480.000000 0.000000 0.007854 0.004959 0.004021 0.301271 0.304437 0.207833 0.112167 0.057458
t= 4500.000000 0.000000 0.007938 0.005104 0.004042 0.302438 0.305708 0.205500 0.112375 0.056896
t= 4520.000000 0.000000 0.007958 0.005230 0.004000 0.303313 0.306042 0.205021 0.111792 0.056646
t= 4540.000000 0.000000 0.008021 0.005271 0.004062 0.305375 0.306208 0.203437 0.110417 0.057208
t= 4560.000000 0.000000 0.008042 0.005271 0.004083 0.303375 0.311229 0.202416 0.108875 0.056709
t= 4580.000000 0.000000 0.008104 0.005313 0.004125 0.305583 0.312229 0.199583 0.109104 0.055959
t= 4600.000000 0.000000 0.008104 0.005334 0.004229 0.307875 0.311625 0.198959 0.109021 0.054854
t= 4620.000000 0.000000 0.008125 0.005459 0.004271 0.309438 0.312896 0.196688 0.108375 0.054750
t= 4640.000000 0.000000 0.008188 0.005521 0.004333 0.312333 0.312083 0.195687 0.110458 0.051396
t= 4660.000000 0.000000 0.008229 0.005542 0.004313 0.316271 0.311313 0.193854 0.110146 0.050333
t= 4680.000000 0.000000 0.008334 0.005563 0.004312 0.318083 0.313125 0.190625 0.109625 0.050333
t= 4700.000000 0.000000 0.008479 0.005583 0.004312 0.321521 0.311229 0.189479 0.108854 0.050542
t= 4720.000000 0.000000 0.008542 0.005688 0.004271 0.318584 0.316854 0.187354 0.108000 0.050709
t= 4740.000000 0.000000 0.008604 0.005708 0.004292 0.320521 0.319271 0.184167 0.107083 0.050355
t= 4760.000000 0.000000 0.008646 0.005771 0.004354 0.322625 0.319021 0.183187 0.106250 0.050146
t= 4780.000000 0.000000 0.008667 0.005792 0.004375 0.326521 0.318021 0.181063 0.106437 0.049125
t= 4800.000000 0.000000 0.008708 0.005833 0.004458 0.329709 0.323271 0.173667 0.104958 0.049396
t= 4820.000000 0.000000 0.008708 0.005875 0.004542 0.331354 0.323562 0.172083 0.105229 0.048646
t= 4840.000000 0.000000 0.008792 0.005854 0.004563 0.337375 0.324271 0.166188 0.104750 0.048208
t= 4860.000000 0.000000 0.008875 0.005854 0.004604 0.343625 0.319146 0.165854 0.104167 0.047875
t= 4880.000000 0.000000 0.008875 0.005896 0.004583 0.342979 0.321937 0.164333 0.103792 0.047604
t= 4900.000000 0.000000 0.008938 0.005875 0.004584 0.345771 0.319229 0.165750 0.102562 0.047292
t= 4920.000000 0.000000 0.008979 0.005875 0.004625 0.347438 0.319750 0.164208 0.101854 0.047271
t= 4940.000000 0.000000 0.009021 0.005959 0.004646 0.355625 0.313208 0.163250 0.101396 0.046896
t= 4960.000000 0.000000 0.009146 0.006000 0.004625 0.358125 0.312083 0.162833 0.100417 0.046771
t= 4980.000000 0.000000 0.009125 0.006042 0.004688 0.356500 0.318938 0.158125 0.100021 0.046563
t= 5000.000000 0.000000 0.009125 0.006105 0.004688 0.366146 0.311417 0.157062 0.098229 0.047229
t= 5020.000000 0.000000 0.009063 0.006313 0.004729 0.368333 0.311562 0.155854 0.097271 0.046875
t= 5040.000000 0.000000 0.009167 0.006250 0.004792 0.373063 0.309833 0.153687 0.096729 0.046479
t= 5060.000000 0.000000 0.009188 0.006334 0.004833 0.374458 0.309083 0.153958 0.096063 0.046083
t= 5080.000000 0.000000 0.009271 0.006334 0.004834 0.375958 0.310188 0.152208 0.095437 0.045771
t= 5100.000000 0.000000 0.009292 0.006396 0.004833 0.377271 0.310521 0.151167 0.094917 0.045604
t= 5120.000000 0.000000 0.009333 0.006438 0.004896 0.374083 0.317125 0.149667 0.093208 0.045250
t= 5140.000000 0.000000 0.009417 0.006542 0.004959 0.375979 0.317271 0.149104 0.092229 0.044500
t= 5160.000000 0.000000 0.009458 0.006542 0.005042 0.379917 0.315792 0.150854 0.088041 0.044354
t= 5180.000000 0.000000 0.009521 0.006584 0.005021 0.384458 0.312563 0.150187 0.086958 0.044708
t= 5200.000000 0.000000 0.009667 0.006500 0.005000 0.384958 0.314604 0.149104 0.086166 0.044000
t= 5220.000000 0.000000 0.009771 0.006500 0.005021 0.386292 0.314146 0.148438 0.086458 0.043375
t= 5240.000000 0.000000 0.009875 0.006500 0.005063 0.388792 0.312313 0.150417 0.084521 0.042521
t= 5260.000000 0.000000 0.009875 0.006625 0.005063 0.389229 0.315000 0.149312 0.082854 0.042042
t= 5280.000000 0.000000 0.009958 0.006625 0.005104 0.391708 0.311063 0.151667 0.082396 0.041479
t= 5300.000000 0.000000 0.009979 0.006646 0.005063 0.391729 0.310875 0.152917 0.081771 0.041021
t= 5320.000000 0.000000 0.010167 0.006604 0.005104 0.394250 0.309416 0.152417 0.081209 0.040833
t= 5340.000000 0.000000 0.010167 0.006708 0.005063 0.394458 0.311771 0.155792 0.076250 0.039791
t= 5360.000000 0.000000 0.010104 0.006938 0.005188 0.396312 0.304083 0.161813 0.076021 0.039541
t= 5380.000000 0.000000 0.010333 0.006896 0.005146 0.399104 0.303896 0.159938 0.076937 0.037750
t= 5400.000000 0.000000 0.010459 0.006917 0.005125 0.400105 0.302250 0.161562 0.076458 0.037125
t= 5420.000000 0.000000 0.010625 0.006938 0.005125 0.401375 0.303187 0.160437 0.075687 0.036625
t= 5440.000000 0.000000 0.010709 0.007021 0.005229 0.402500 0.304271 0.158771 0.075083 0.036417
t= 5460.000000 0.000000 0.010834 0.007063 0.005354 0.409417 0.299312 0.156854 0.074917 0.036250
t= 5480.000000 0.000000 0.010938 0.007000 0.005375 0.411521 0.298854 0.156250 0.074313 0.035750
t= 5500.000000 0.000000 0.011167 0.006854 0.005458 0.414041 0.297855 0.155312 0.073646 0.035667
t= 5520.000000 0.000000 0.011271 0.006875 0.005458 0.415542 0.298646 0.154938 0.071979 0.035292
t= 5540.000000 0.000000 0.011438 0.006854 0.005354 0.419667 0.297604 0.152333 0.072063 0.034688
t= 5560.000000 0.000000 0.011729 0.006708 0.005354 0.421792 0.298188 0.150562 0.071146 0.034521
t= 5580.000000 0.000000 0.011771 0.006729 0.005396 0.422542 0.303354 0.146125 0.069625 0.034458
t= 5600.000000 0.000000 0.011938 0.006750 0.005333 0.425000 0.302188 0.145334 0.069125 0.034333
t= 5620.000000 0.000000 0.011979 0.006792 0.005396 0.428333 0.301521 0.142750 0.069563 0.033667
t= 5640.000000 0.000000 0.012084 0.006833 0.005417 0.430854 0.302750 0.140063 0.069041 0.032958
t= 5660.000000 0.000000 0.012188 0.006791 0.005458 0.433667 0.302250 0.138583 0.068583 0.032479
t= 5680.000000 0.000000 0.012292 0.006917 0.005438 0.432562 0.303416 0.138417 0.068646 0.032313
t= 5700.000000 0.000000 0.012521 0.006917 0.005375 0.437313 0.302771 0.135000 0.068021 0.032083
t= 5720.000000 0.000000 0.012646 0.006917 0.005375 0.441312 0.300687 0.133563 0.067729 0.031771
t= 5740.000000 0.000000 0.012750 0.006875 0.005417 0.443187 0.300083 0.132937 0.067125 0.031625
t= 5760.000000 0.000000 0.012834 0.006854 0.005480 0.442042 0.297417 0.137167 0.066791 0.031417
t= 5780.000000 0.000000 0.012917 0.006875 0.005479 0.442208 0.296771 0.138000 0.066479 0.031271
t= 5800.000000 0.000000 0.013042 0.006875 0.005500 0.440812 0.304938 0.131771 0.065896 0.031167
t= 5820.000000 0.000000 0.013167 0.006854 0.005459 0.435562 0.309792 0.132500 0.065479 0.031188
t= 5840.000000 0.000000 0.013271 0.006833 0.005438 0.437104 0.308292 0.133208 0.064708 0.031146
t= 5860.000000 0.000000 0.013375 0.006834 0.005458 0.439771 0.307208 0.132604 0.063771 0.030980
t= 5880.000000 0.000000 0.013459 0.006938 0.005417 0.441229 0.306479 0.132313 0.063333 0.030834
t= 5900.000000 0.000000 0.013563 0.006813 0.005542 0.442062 0.308042 0.130167 0.063083 0.030730
t= 5920.000000 0.000000 0.013584 0.006938 0.005500 0.442104 0.300646 0.139584 0.061271 0.030375
t= 5940.000000 0.000000 0.013792 0.006875 0.005458 0.439458 0.304104 0.140313 0.059625 0.030375
t= 5960.000000 0.000000 0.013917 0.006833 0.005500 0.443479 0.301458 0.140104 0.058479 0.030229
t= 5980.000000 0.000000 0.014021 0.006937 0.005396 0.443333 0.303375 0.139500 0.058083 0.029355
t= 6000.000000 0.000000 0.014188 0.006896 0.005458 0.444729 0.303396 0.139167 0.057104 0.029063
t= 6020.000000 0.000000 0.014271 0.007104 0.005292 0.444937 0.305583 0.137104 0.056854 0.028854
t= 6040.000000 0.000000 0.014313 0.007146 0.005334 0.448583 0.303896 0.135354 0.056646 0.028730
t= 6060.000000 0.000000 0.014375 0.007229 0.005354 0.450104 0.303229 0.135667 0.055854 0.028188
t= 6080.000000 0.000000 0.014479 0.007417 0.005188 0.453063 0.301980 0.134250 0.055646 0.027979
t= 6100.000000 0.000000 0.014542 0.007375 0.005188 0.454833 0.301187 0.134270 0.054896 0.027709
t= 6120.000000 0.000000 0.014583 0.007354 0.005229 0.454979 0.302062 0.133438 0.054771 0.027584
t= 6140.000000 0.000000 0.014646 0.007479 0.005230 0.455375 0.302542 0.133333 0.054021 0.027375
t= 6160.000000 0.000000 0.014875 0.007354 0.005333 0.456479 0.304500 0.130521 0.053708 0.027229
t= 6180.000000 0.000000 0.014896 0.007396 0.005333 0.456438 0.305146 0.131104 0.053021 0.026667
t= 6200.000000 0.000000 0.014938 0.007396 0.005354 0.467646 0.294834 0.131021 0.052188 0.026625
t= 6220.000000 0.000000 0.015042 0.007375 0.005354 0.468479 0.294729 0.130792 0.051646 0.026584
t= 6240.000000 0.000000 0.015063 0.007417 0.005396 0.474375 0.290812 0.129896 0.050896 0.026146
t= 6260.000000 0.000000 0.015188 0.007396 0.005375 0.475604 0.290375 0.129417 0.050500 0.026146
t= 6280.000000 0.000000 0.015250 0.007479 0.005333 0.476167 0.290250 0.128813 0.050750 0.025958
t= 6300.000000 0.000000 0.015271 0.007604 0.005354 0.478333 0.289458 0.128333 0.050063 0.025583
t= 6320.000000 0.000000 0.015354 0.007604 0.005312 0.478896 0.290292 0.127667 0.049458 0.025417
t= 6340.000000 0.000000 0.015438 0.007583 0.005396 0.480896 0.289062 0.127604 0.048792 0.025230
t= 6360.000000 0.000000 0.015542 0.007542 0.005521 0.483667 0.287521 0.126729 0.048375 0.025104
t= 6380.000000 0.000000 0.015729 0.007479 0.005521 0.483646 0.288708 0.125917 0.048479 0.024521
t= 6400.000000 0.000000 0.015792 0.007479 0.005625 0.486583 0.287479 0.124583 0.048292 0.024167
t= 6420.000000 0.000000 0.015938 0.007458 0.005729 0.478271 0.289562 0.130958 0.048354 0.023729
t= 6440.000000 0.000000 0.016125 0.007542 0.005646 0.479479 0.289812 0.131083 0.047021 0.023292
t= 6460.000000 0.000000 0.016250 0.007417 0.005729 0.480792 0.288792 0.131583 0.046458 0.022979
t= 6480.000000 0.000000 0.016334 0.007438 0.005833 0.482104 0.291271 0.128396 0.045792 0.022833
t= 6500.000000 0.000000 0.016375 0.007459 0.005854 0.483729 0.281062 0.137521 0.045458 0.022542
t= 6520.000000 0.000000 0.016417 0.007500 0.005896 0.485937 0.279812 0.137000 0.045083 0.022354
t= 6540.000000 0.000000 0.016521 0.007542 0.005875 0.490750 0.275729 0.136188 0.045250 0.022146
t= 6560.000000 0.000000 0.016667 0.007583 0.005979 0.485354 0.282771 0.134291 0.045354 0.022000
t= 6580.000000 0.000000 0.016771 0.007542 0.006042 0.484417 0.283500 0.134958 0.044875 0.021896
t= 6600.000000 0.000000 0.016896 0.007625 0.006021 0.490542 0.278063 0.133312 0.045688 0.021855
t= 6620.000000 0.000000 0.016979 0.007646 0.006021 0.492896 0.277479 0.131313 0.045875 0.021792
t= 6640.000000 0.000000 0.017084 0.007771 0.005959 0.495084 0.276395 0.131479 0.042083 0.024146
t= 6660.000000 0.000000 0.017250 0.007562 0.006105 0.496229 0.276937 0.129958 0.041958 0.024000
t= 6680.000000 0.000000 0.017292 0.007771 0.005980 0.497333 0.277521 0.128771 0.041375 0.023959
t= 6700.000000 0.000000 0.017313 0.007833 0.005979 0.498479 0.276312 0.129292 0.041000 0.023792
t= 6720.000000 0.000000 0.017459 0.007854 0.005938 0.499979 0.276646 0.128500 0.039917 0.023709
t= 6740.000000 0.000000 0.017542 0.007896 0.005938 0.501312 0.275062 0.129583 0.039042 0.023625
t= 6760.000000 0.000000 0.017625 0.007958 0.005875 0.502521 0.275146 0.129875 0.037583 0.023417
t= 6780.000000 0.000000 0.017709 0.008021 0.005792 0.504000 0.274750 0.129291 0.037250 0.023188
t= 6800.000000 0.000000 0.017813 0.007979 0.005792 0.501834 0.278187 0.128521 0.036979 0.022896
t= 6820.000000 0.000000 0.017896 0.007979 0.005729 0.501979 0.280646 0.126396 0.036500 0.022875
t= 6840.000000 0.000000 0.017896 0.008063 0.005750 0.503875 0.280500 0.123833 0.037417 0.022667
t= 6860.000000 0.000000 0.017980 0.008208 0.005730 0.500271 0.285104 0.122792 0.037458 0.022459
t= 6880.000000 0.000000 0.018125 0.008063 0.005771 0.501708 0.284312 0.122417 0.037438 0.022167
t= 6900.000000 0.000000 0.018209 0.008146 0.005875 0.499146 0.287542 0.121687 0.037354 0.022042
t= 6920.000000 0.000000 0.018334 0.008209 0.005834 0.512375 0.275208 0.121771 0.036459 0.021813
t= 6940.000000 0.000000 0.018667 0.008063 0.005813 0.512563 0.275500 0.121542 0.036479 0.021375
t= 6960.000000 0.000000 0.018771 0.008021 0.005834 0.506854 0.282000 0.122771 0.034521 0.021230
t= 6980.000000 0.000000 0.018833 0.008104 0.005875 0.508875 0.284438 0.118438 0.034229 0.021209
t= 7000.000000 0.000000 0.018917 0.008229 0.005896 0.510729 0.285375 0.116000 0.033729 0.021125
t= 7020.000000 0.000000 0.019063 0.008209 0.005896 0.511917 0.285938 0.114459 0.033438 0.021084
t= 7040.000000 0.000000 0.019146 0.008188 0.005938 0.512375 0.283458 0.116812 0.032958 0.021125
t= 7060.000000 0.000000 0.019125 0.008292 0.006021 0.514375 0.280584 0.117312 0.033250 0.021042
t= 7080.000000 0.000000 0.019188 0.008271 0.006021 0.521125 0.274500 0.117208 0.032854 0.020833
t= 7100.000000 0.000000 0.019250 0.008250 0.006021 0.522958 0.274041 0.116979 0.031958 0.020542
t= 7120.000000 0.000000 0.019271 0.008334 0.006021 0.525750 0.272500 0.115854 0.031750 0.020521
t= 7140.000000 0.000000 0.019271 0.008396 0.006042 0.527084 0.271813 0.114979 0.032125 0.020292
t= 7160.000000 0.000000 0.019354 0.008417 0.006063 0.529771 0.270208 0.114521 0.031521 0.020146
t= 7180.000000 0.000000 0.019438 0.008438 0.006084 0.529500 0.269917 0.115875 0.030979 0.019771
t= 7200.000000 0.000000 0.019521 0.008500 0.006063 0.530187 0.270041 0.115187 0.031021 0.019479
t= 7220.000000 0.000000 0.019583 0.008542 0.006063 0.532500 0.269270 0.114125 0.030625 0.019292
t= 7240.000000 0.000000 0.019729 0.008625 0.006104 0.532937 0.268917 0.115667 0.029187 0.018834
t= 7260.000000 0.000000 0.019729 0.008667 0.006084 0.533791 0.268146 0.116417 0.028396 0.018771
t= 7280.000000 0.000000 0.019771 0.008750 0.006063 0.538979 0.264084 0.115833 0.028000 0.018521
t= 7300.000000 0.000000 0.019771 0.008917 0.005979 0.540084 0.263792 0.115229 0.027583 0.018646
t= 7320.000000 0.000000 0.019834 0.008896 0.005959 0.542917 0.262688 0.113875 0.027334 0.018500
t= 7340.000000 0.000000 0.019896 0.008938 0.006104 0.543166 0.263146 0.113146 0.027167 0.018438
t= 7360.000000 0.000000 0.020021 0.008875 0.006125 0.544687 0.264271 0.110625 0.026979 0.018417
t= 7380.000000 0.000000 0.020209 0.008854 0.006063 0.545771 0.266271 0.108000 0.026667 0.018167
t= 7400.000000 0.000000 0.020292 0.008875 0.006042 0.548354 0.264250 0.106917 0.027167 0.018105
t= 7420.000000 0.000000 0.020354 0.008896 0.006000 0.547146 0.267083 0.105292 0.027188 0.018042
t= 7440.000000 0.000000 0.020479 0.008813 0.006042 0.546229 0.268250 0.105146 0.027146 0.017896
t= 7460.000000 0.000000 0.020563 0.008812 0.006063 0.549563 0.265271 0.104875 0.026958 0.017896
t= 7480.000000 0.000000 0.020750 0.008750 0.006084 0.550625 0.264646 0.104500 0.026834 0.017813
t= 7500.000000 0.000000 0.020771 0.008875 0.006063 0.554417 0.262542 0.102916 0.026729 0.017688
t= 7520.000000 0.000000 0.020959 0.008813 0.006084 0.559354 0.261750 0.098750 0.026646 0.017646
t= 7540.000000 0.000000 0.020812 0.009021 0.006105 0.559646 0.262375 0.097958 0.026688 0.017396
t= 7560.000000 0.000000 0.020854 0.009000 0.006209 0.559917 0.262312 0.097479 0.027021 0.017208
t= 7580.000000 0.000000 0.020979 0.008980 0.006188 0.561292 0.259479 0.098937 0.026979 0.017167
t= 7600.000000 0.000000 0.021125 0.008875 0.006209 0.561708 0.260687 0.097896 0.026417 0.017083
t= 7620.000000 0.000000 0.021167 0.008917 0.006167 0.559459 0.264500 0.096771 0.026188 0.016833
t= 7640.000000 0.000000 0.021271 0.008896 0.006167 0.561979 0.263125 0.095854 0.026083 0.016625
t= 7660.000000 0.000000 0.021333 0.009000 0.006167 0.562146 0.259521 0.099792 0.025458 0.016584
t= 7680.000000 0.000000 0.021417 0.009042 0.006250 0.563354 0.258604 0.099458 0.025479 0.016396
t= 7700.000000 0.000000 0.021354 0.009229 0.006167 0.564979 0.258188 0.098562 0.025230 0.016292
t= 7720.000000 0.000000 0.021500 0.009167 0.006146 0.566500 0.258333 0.096959 0.025187 0.016209
t= 7740.000000 0.000000 0.021646 0.009125 0.006167 0.567250 0.258417 0.096292 0.025125 0.015979
t= 7760.000000 0.000000 0.021771 0.009125 0.006208 0.570437 0.256229 0.095646 0.024687 0.015896
t= 7780.000000 0.000000 0.021792 0.009167 0.006187 0.572021 0.255250 0.095146 0.024563 0.015875
t= 7800.000000 0.000000 0.021979 0.009083 0.006167 0.574854 0.253854 0.093750 0.024584 0.015729
t= 7820.000000 0.000000 0.022042 0.009084 0.006167 0.574562 0.255520 0.092542 0.024563 0.015521
t= 7840.000000 0.000000 0.022063 0.009188 0.006188 0.575208 0.255750 0.092062 0.024042 0.015500
t= 7860.000000 0.000000 0.022208 0.009188 0.006229 0.568521 0.263291 0.090979 0.024188 0.015396
t= 7880.000000 0.000000 0.022334 0.009146 0.006250 0.571125 0.264021 0.087854 0.024063 0.015208
t= 7900.000000 0.000000 0.022375 0.009271 0.006271 0.572000 0.264354 0.086791 0.023959 0.014979
t= 7920.000000 0.000000 0.022521 0.009208 0.006271 0.574646 0.262938 0.085583 0.023958 0.014875
t= 7940.000000 0.000000 0.022646 0.009125 0.006271 0.576833 0.261395 0.085771 0.023209 0.014750
t= 7960.000000 0.000000 0.022875 0.009063 0.006209 0.580104 0.259437 0.084500 0.023146 0.014667
t= 7980.000000 0.000000 0.022917 0.009105 0.006209 0.581208 0.258396 0.084833 0.022834 0.014500
t= 8000.000000 0.000000 0.023021 0.009084 0.006250 0.583458 0.254687 0.086292 0.022792 0.014417
t= 8020.000000 0.000000 0.023063 0.009083 0.006292 0.586000 0.249646 0.089083 0.022542 0.014291
t= 8040.000000 0.000000 0.023271 0.009000 0.006292 0.580229 0.253729 0.090917 0.022354 0.014208
t= 8060.000000 0.000000 0.022917 0.009479 0.006229 0.582292 0.252479 0.090229 0.022167 0.014208
t= 8080.000000 0.000000 0.022980 0.009563 0.006167 0.582833 0.252458 0.089854 0.022292 0.013854
t= 8100.000000 0.000000 0.023084 0.009563 0.006229 0.585584 0.251521 0.087958 0.022292 0.013771
t= 8120.000000 0.000000 0.023209 0.009729 0.006188 0.589771 0.247437 0.087583 0.022354 0.013729
t= 8140.000000 0.000000 0.023375 0.009750 0.006084 0.585083 0.253375 0.086125 0.022521 0.013687
t= 8160.000000 0.000000 0.023542 0.009479 0.006250 0.584313 0.255562 0.084896 0.022542 0.013417
t= 8180.000000 0.000000 0.023542 0.009604 0.006250 0.582729 0.258958 0.083354 0.022125 0.013438
t= 8200.000000 0.000000 0.023584 0.009750 0.006188 0.583812 0.259000 0.082146 0.022271 0.013250
t= 8220.000000 0.000000 0.023750 0.009688 0.006209 0.589667 0.254250 0.081813 0.021625 0.013000
