t= 0.000000  0.000000  0.000000  0.000000  0.000000  0.750000  0.000000  0.125000  0.000000  0.125000  
t= 20.000000  0.000000  0.000000  0.000000  0.000000  0.750000  0.000000  0.125000  0.000000  0.125000  
t= 40.000000  0.000000  0.000000  0.000000  0.000000  0.750875  0.000125  0.124875  0.000000  0.124125  
t= 60.000000  0.000000  0.000000  0.000000  0.000000  0.750000  0.001500  0.124750  0.000250  0.123500  
t= 80.000000  0.000000  0.000000  0.000000  0.000000  0.749750  0.002250  0.124875  0.000125  0.123000  
t= 100.000000  0.000000  0.000000  0.000000  0.000000  0.748875  0.003750  0.124375  0.000250  0.122750  
t= 120.000000  0.000000  0.000000  0.000000  0.000000  0.749750  0.004375  0.122625  0.000250  0.123000  
t= 140.000000  0.000000  0.000000  0.000000  0.000000  0.749125  0.005750  0.121375  0.001000  0.122750  
t= 160.000000  0.000000  0.000000  0.000000  0.000000  0.750375  0.005750  0.116125  0.005500  0.122250  
t= 180.000000  0.000000  0.000000  0.000000  0.000000  0.750875  0.006875  0.117000  0.003875  0.121375  
t= 200.000000  0.000000  0.000000  0.000000  0.000000  0.752625  0.007500  0.117250  0.001250  0.121375  
t= 220.000000  0.000000  0.000000  0.000000  0.000000  0.753750  0.006875  0.117750  0.000125  0.121500  
t= 240.000000  0.000000  0.000000  0.000000  0.000000  0.753625  0.006625  0.118000  0.000375  0.121375  
t= 260.000000  0.000000  0.000000  0.000000  0.000000  0.748875  0.011875  0.117750  0.000625  0.120875  
t= 280.000000  0.000000  0.000000  0.000000  0.000000  0.744625  0.018500  0.115875  0.001500  0.119500  
t= 300.000000  0.000000  0.000000  0.000000  0.000000  0.735750  0.030125  0.114125  0.000750  0.119250  
t= 320.000000  0.000000  0.000000  0.000000  0.000000  0.740375  0.030750  0.109125  0.000500  0.119250  
t= 340.000000  0.000000  0.000000  0.000000  0.000125  0.753250  0.021125  0.106500  0.000000  0.119000  
t= 360.000000  0.000000  0.000125  0.000000  0.000125  0.757250  0.018125  0.105125  0.000375  0.118875  
t= 380.000000  0.000000  0.000250  0.000000  0.000125  0.759875  0.011125  0.110625  0.001750  0.116250  
t= 400.000000  0.000000  0.000250  0.000000  0.000250  0.761875  0.006125  0.113625  0.005500  0.112375  
t= 420.000000  0.000000  0.000250  0.000000  0.000250  0.762250  0.016500  0.103250  0.008375  0.109125  
t= 440.000000  0.000000  0.000375  0.000000  0.000250  0.762875  0.024000  0.095000  0.016500  0.101000  
t= 460.000000  0.000000  0.000375  0.000000  0.000250  0.763500  0.028375  0.090125  0.020625  0.096750  
t= 480.000000  0.000000  0.000375  0.000000  0.000250  0.763500  0.033500  0.085125  0.019000  0.098250  
t= 500.000000  0.000000  0.000500  0.000000  0.000250  0.763250  0.035125  0.083750  0.017750  0.099375  
t= 520.000000  0.000000  0.000500  0.000250  0.000375  0.763125  0.035125  0.083500  0.016625  0.100500  
t= 540.000000  0.000000  0.000500  0.000250  0.000375  0.762000  0.034000  0.085750  0.014625  0.102500  
t= 560.000000  0.000000  0.000625  0.000250  0.000375  0.763125  0.023875  0.095000  0.013000  0.103750  
t= 580.000000  0.000000  0.000875  0.000375  0.000375  0.762000  0.017125  0.102625  0.012875  0.103750  
t= 600.000000  0.000000  0.000875  0.000375  0.000500  0.761875  0.015125  0.105125  0.013125  0.103000  
t= 620.000000  0.000000  0.000875  0.000375  0.000500  0.763625  0.013000  0.107125  0.013125  0.101375  
t= 640.000000  0.000000  0.001000  0.000500  0.000500  0.765375  0.012500  0.106000  0.012375  0.101750  
t= 660.000000  0.000000  0.001000  0.000500  0.000875  0.766500  0.011625  0.105500  0.012625  0.101375  
t= 680.000000  0.000000  0.001000  0.000500  0.001000  0.768625  0.010500  0.102625  0.010875  0.104875  
t= 700.000000  0.000000  0.001125  0.000500  0.001125  0.768750  0.010500  0.103000  0.007875  0.107125  
t= 720.000000  0.000000  0.001625  0.000500  0.001375  0.769125  0.010000  0.102375  0.006375  0.108625  
t= 740.000000  0.000000  0.001625  0.000625  0.001375  0.770125  0.010500  0.101500  0.004500  0.109750  
t= 760.000000  0.000000  0.001625  0.000875  0.001500  0.769250  0.010500  0.102000  0.001625  0.112625  
t= 780.000000  0.000000  0.001750  0.001000  0.001500  0.769750  0.008875  0.104875  0.003750  0.108500  
t= 800.000000  0.000000  0.001750  0.001000  0.001500  0.768625  0.006875  0.107875  0.003875  0.108500  
t= 820.000000  0.000000  0.002000  0.001000  0.001500  0.767875  0.005500  0.111000  0.000875  0.110250  
t= 840.000000  0.000000  0.002250  0.001125  0.001750  0.767875  0.008625  0.107750  0.002000  0.108625  
t= 860.000000  0.000000  0.002250  0.001250  0.001875  0.767750  0.015375  0.100500  0.001625  0.109375  
t= 880.000000  0.000000  0.002500  0.001250  0.001875  0.767750  0.021750  0.094375  0.000500  0.110000  
t= 900.000000  0.000000  0.002500  0.001250  0.001875  0.767875  0.025125  0.091625  0.001375  0.108375  
t= 920.000000  0.000000  0.002750  0.001250  0.002000  0.769000  0.024875  0.092125  0.005250  0.102750  
t= 940.000000  0.000000  0.003000  0.001250  0.002000  0.768250  0.027875  0.090250  0.004250  0.103125  
t= 960.000000  0.000000  0.003000  0.001375  0.002125  0.766625  0.029875  0.091125  0.003750  0.102125  
t= 980.000000  0.000000  0.003125  0.001375  0.002125  0.766500  0.027250  0.093375  0.003125  0.103125  
t= 1000.000000  0.000000  0.003250  0.001375  0.002125  0.767000  0.027250  0.093875  0.002500  0.102625  
t= 1020.000000  0.000000  0.003250  0.001375  0.002250  0.765625  0.023375  0.099125  0.002500  0.102500  
t= 1040.000000  0.000000  0.003375  0.001375  0.002375  0.766625  0.026500  0.095125  0.001875  0.102750  
t= 1060.000000  0.000000  0.003625  0.001500  0.002375  0.767625  0.046750  0.074500  0.001125  0.102500  
t= 1080.000000  0.000000  0.003625  0.001625  0.002375  0.768000  0.067875  0.054125  0.001250  0.101125  
t= 1100.000000  0.000000  0.003875  0.001625  0.002375  0.769125  0.075875  0.045875  0.005500  0.095750  
t= 1120.000000  0.000000  0.004125  0.001625  0.002375  0.769375  0.083375  0.039750  0.010000  0.089375  
t= 1140.000000  0.000000  0.004125  0.002000  0.002375  0.769500  0.084125  0.040750  0.008375  0.088750  
t= 1160.000000  0.000000  0.004125  0.002000  0.002500  0.770250  0.090625  0.037125  0.007250  0.086125  
t= 1180.000000  0.000000  0.004375  0.002125  0.002500  0.771625  0.092125  0.037375  0.006125  0.083750  
t= 1200.000000  0.000000  0.004625  0.002250  0.002500  0.771500  0.096625  0.037125  0.006000  0.079375  
t= 1220.000000  0.000000  0.004750  0.002250  0.002500  0.772375  0.101375  0.035125  0.005125  0.076500  
t= 1240.000000  0.000000  0.005250  0.002500  0.002750  0.771875  0.105750  0.033875  0.005250  0.072750  
t= 1260.000000  0.000000  0.005500  0.002500  0.002750  0.773000  0.106625  0.035125  0.005375  0.069125  
t= 1280.000000  0.000000  0.005500  0.002500  0.003000  0.773500  0.107250  0.038125  0.005000  0.065125  
t= 1300.000000  0.000000  0.005500  0.002625  0.003125  0.772750  0.107250  0.041875  0.004875  0.062000  
t= 1320.000000  0.000000  0.005500  0.002750  0.003250  0.774375  0.101625  0.048125  0.004375  0.060000  
t= 1340.000000  0.000000  0.005500  0.002750  0.003250  0.775250  0.096875  0.054250  0.004625  0.057500  
t= 1360.000000  0.000000  0.005625  0.002750  0.003500  0.776000  0.102500  0.050000  0.004375  0.055250  
t= 1380.000000  0.000000  0.005750  0.003250  0.003750  0.777750  0.106500  0.045750  0.003875  0.053375  
t= 1400.000000  0.000000  0.006375  0.003250  0.003750  0.778875  0.107750  0.044250  0.004000  0.051750  
t= 1420.000000  0.000000  0.006375  0.003500  0.003875  0.780750  0.106375  0.045125  0.004750  0.049250  
t= 1440.000000  0.000000  0.006500  0.003500  0.004125  0.785000  0.104875  0.043750  0.004625  0.047625  
t= 1460.000000  0.000000  0.006625  0.003625  0.004125  0.790500  0.099625  0.045125  0.004500  0.045875  
t= 1480.000000  0.000000  0.006875  0.003750  0.004125  0.796875  0.096375  0.042125  0.004000  0.045875  
t= 1500.000000  0.000000  0.007500  0.003875  0.004250  0.798625  0.094250  0.040125  0.003625  0.047750  
t= 1520.000000  0.000000  0.007750  0.004000  0.004375  0.799250  0.098750  0.032625  0.002875  0.050375  
t= 1540.000000  0.000000  0.007875  0.004125  0.004500  0.799625  0.097875  0.032000  0.003250  0.050750  
t= 1560.000000  0.000000  0.008250  0.004375  0.004500  0.800750  0.099250  0.029000  0.007000  0.046875  
t= 1580.000000  0.000000  0.008750  0.004375  0.004625  0.801000  0.103250  0.025125  0.009500  0.043375  
t= 1600.000000  0.000000  0.009625  0.004625  0.004750  0.800875  0.104125  0.024125  0.011125  0.040750  
t= 1620.000000  0.000000  0.009750  0.004750  0.005125  0.800500  0.105375  0.024000  0.012375  0.038125  
t= 1640.000000  0.000000  0.010000  0.005125  0.005250  0.795875  0.107750  0.027375  0.013250  0.035375  
t= 1660.000000  0.000000  0.010125  0.005375  0.005375  0.790750  0.114625  0.026875  0.015000  0.031875  
t= 1680.000000  0.000000  0.010750  0.005500  0.005500  0.793750  0.113000  0.027000  0.015500  0.029000  
t= 1700.000000  0.000000  0.011250  0.005500  0.005750  0.794500  0.113625  0.026500  0.015875  0.027000  
t= 1720.000000  0.000000  0.011625  0.005625  0.006125  0.796125  0.113375  0.025000  0.017750  0.024375  
t= 1740.000000  0.000000  0.012000  0.005625  0.006625  0.796375  0.112875  0.025250  0.016500  0.024750  
t= 1760.000000  0.000000  0.012000  0.005625  0.006875  0.797625  0.112125  0.026625  0.014625  0.024500  
t= 1780.000000  0.000000  0.012125  0.005875  0.007000  0.799750  0.110875  0.027125  0.011125  0.026125  
t= 1800.000000  0.000000  0.012375  0.006000  0.007125  0.799250  0.112375  0.027500  0.005500  0.029875  
t= 1820.000000  0.000000  0.013250  0.006000  0.007375  0.799125  0.112750  0.027625  0.003250  0.030625  
t= 1840.000000  0.000000  0.013500  0.006125  0.007375  0.801375  0.112000  0.026625  0.002500  0.030500  
t= 1860.000000  0.000000  0.013750  0.006125  0.007375  0.802875  0.111125  0.027000  0.002375  0.029375  
t= 1880.000000  0.000000  0.014375  0.006125  0.007500  0.804000  0.111000  0.026750  0.002000  0.028250  
t= 1900.000000  0.000000  0.014500  0.006125  0.007625  0.802875  0.112000  0.027500  0.002500  0.026875  
t= 1920.000000  0.000000  0.014750  0.006125  0.007625  0.801375  0.114250  0.028125  0.002375  0.025375  
t= 1940.000000  0.000000  0.015000  0.006250  0.008000  0.793625  0.121375  0.028375  0.002625  0.024750  
t= 1960.000000  0.000000  0.015000  0.006250  0.008125  0.794000  0.120500  0.030250  0.002500  0.023375  
t= 1980.000000  0.000000  0.015500  0.006250  0.008250  0.794375  0.117125  0.033250  0.003000  0.022250  
t= 2000.000000  0.000000  0.015750  0.006250  0.008375  0.791625  0.120250  0.034500  0.002500  0.020750  
t= 2020.000000  0.000000  0.015875  0.006250  0.008750  0.797500  0.117875  0.030750  0.002250  0.020750  
t= 2040.000000  0.000000  0.016375  0.006250  0.009375  0.799750  0.115625  0.027250  0.002625  0.022750  
t= 2060.000000  0.000000  0.016750  0.006250  0.009375  0.804375  0.114125  0.021125  0.001500  0.026500  
t= 2080.000000  0.000000  0.017500  0.006500  0.010000  0.802125  0.116125  0.017875  0.000625  0.029250  
t= 2100.000000  0.000000  0.017875  0.006500  0.010250  0.796500  0.120250  0.018250  0.000750  0.029625  
t= 2120.000000  0.000000  0.018125  0.006500  0.010625  0.787750  0.128500  0.018375  0.001375  0.028750  
t= 2140.000000  0.000000  0.018625  0.006625  0.010750  0.795000  0.120625  0.018625  0.002375  0.027375  
t= 2160.000000  0.000000  0.019125  0.006875  0.011500  0.806875  0.109625  0.017625  0.002000  0.026375  
t= 2180.000000  0.000000  0.019750  0.007000  0.011875  0.808625  0.107875  0.017625  0.002625  0.024625  
t= 2200.000000  0.000000  0.020750  0.007000  0.012375  0.811375  0.104375  0.018750  0.001625  0.023750  
t= 2220.000000  0.000000  0.021250  0.007250  0.012875  0.811375  0.103000  0.020125  0.001625  0.022500  
t= 2240.000000  0.000000  0.021750  0.007625  0.013000  0.811250  0.102625  0.021375  0.001125  0.021250  
t= 2260.000000  0.000000  0.022500  0.007875  0.013750  0.810375  0.102000  0.021125  0.000750  0.021625  
t= 2280.000000  0.000000  0.022875  0.007875  0.014250  0.804875  0.107500  0.021250  0.000250  0.021125  
t= 2300.000000  0.000000  0.023500  0.008000  0.015000  0.804000  0.106125  0.023000  0.000375  0.020000  
t= 2320.000000  0.000000  0.024375  0.008500  0.015125  0.805750  0.104500  0.022250  0.000125  0.019375  
t= 2340.000000  0.000000  0.025125  0.008500  0.015250  0.803250  0.106500  0.022750  0.000000  0.018625  
t= 2360.000000  0.000000  0.025500  0.008875  0.015375  0.802250  0.107375  0.021875  0.000375  0.018375  
t= 2380.000000  0.000000  0.026125  0.009125  0.016000  0.800500  0.106750  0.023000  0.000500  0.018000  
t= 2400.000000  0.000000  0.026625  0.009625  0.016375  0.794375  0.113250  0.021250  0.000625  0.017875  
t= 2420.000000  0.000000  0.027375  0.009625  0.017125  0.791000  0.109125  0.027500  0.001250  0.017000  
t= 2440.000000  0.000000  0.028375  0.009875  0.017625  0.793375  0.108000  0.024500  0.001375  0.016875  
t= 2460.000000  0.000000  0.028875  0.010000  0.018000  0.800000  0.103125  0.022375  0.001250  0.016375  
t= 2480.000000  0.000000  0.029125  0.010250  0.018500  0.804000  0.099000  0.022625  0.001375  0.015125  
t= 2500.000000  0.000000  0.030000  0.010250  0.019125  0.804125  0.099000  0.022000  0.001000  0.014500  
t= 2520.000000  0.000000  0.030750  0.010875  0.019750  0.803750  0.098375  0.022000  0.000875  0.013625  
t= 2540.000000  0.000000  0.031625  0.011625  0.020125  0.800875  0.099625  0.022125  0.001125  0.012875  
t= 2560.000000  0.000000  0.032250  0.012000  0.020875  0.800250  0.099125  0.022750  0.001125  0.011625  
t= 2580.000000  0.000000  0.033250  0.012250  0.021500  0.798375  0.102125  0.021250  0.001250  0.010000  
t= 2600.000000  0.000000  0.033375  0.013250  0.022000  0.794875  0.106125  0.019875  0.001250  0.009250  
t= 2620.000000  0.000000  0.033750  0.013875  0.022750  0.791875  0.109500  0.018625  0.001125  0.008500  
t= 2640.000000  0.000000  0.034500  0.014125  0.023500  0.788625  0.112375  0.017875  0.001250  0.007750  
t= 2660.000000  0.000000  0.034750  0.014500  0.023875  0.786125  0.115500  0.016875  0.001000  0.007375  
t= 2680.000000  0.000000  0.035500  0.014875  0.024750  0.787375  0.113625  0.016125  0.001000  0.006750  
t= 2700.000000  0.000000  0.036125  0.014875  0.025125  0.795375  0.105750  0.016375  0.000625  0.005750  
t= 2720.000000  0.000000  0.036500  0.015250  0.025500  0.800125  0.102000  0.015125  0.000750  0.004750  
t= 2740.000000  0.000000  0.037625  0.015750  0.025750  0.803875  0.093250  0.018500  0.000500  0.004750  
t= 2760.000000  0.000000  0.038875  0.016000  0.026000  0.804875  0.091875  0.017000  0.000625  0.004750  
t= 2780.000000  0.000000  0.040250  0.016250  0.026125  0.804750  0.085875  0.021250  0.000750  0.004750  
t= 2800.000000  0.000000  0.041000  0.017750  0.026500  0.803750  0.088625  0.017625  0.000500  0.004250  
t= 2820.000000  0.000000  0.041750  0.018250  0.027000  0.805875  0.088250  0.014250  0.000250  0.004375  
t= 2840.000000  0.000000  0.042625  0.018750  0.027250  0.811375  0.082250  0.012625  0.000250  0.004875  
t= 2860.000000  0.000000  0.043000  0.019750  0.027750  0.813750  0.080000  0.009500  0.000500  0.005750  
t= 2880.000000  0.000000  0.044000  0.020000  0.028125  0.816250  0.077250  0.008125  0.000375  0.005875  
t= 2900.000000  0.000000  0.044375  0.021000  0.028500  0.817750  0.074250  0.007625  0.000750  0.005750  
t= 2920.000000  0.000000  0.045250  0.021500  0.028875  0.819500  0.072250  0.006875  0.000375  0.005375  
t= 2940.000000  0.000000  0.045875  0.021750  0.029625  0.820375  0.071750  0.005250  0.000625  0.004750  
t= 2960.000000  0.000000  0.046625  0.022375  0.029875  0.820375  0.071250  0.004875  0.000375  0.004250  
t= 2980.000000  0.000000  0.047875  0.023000  0.030750  0.819125  0.071625  0.003125  0.000250  0.004250  
t= 3000.000000  0.000000  0.048500  0.023875  0.031375  0.818750  0.071125  0.002250  0.000500  0.003625  
t= 3020.000000  0.000000  0.048625  0.024500  0.031750  0.818750  0.070875  0.002125  0.000375  0.003000  
t= 3040.000000  0.000000  0.049625  0.025500  0.032125  0.817625  0.070500  0.001625  0.000250  0.002750  
t= 3060.000000  0.000000  0.051375  0.026250  0.032500  0.814875  0.070625  0.001875  0.000125  0.002375  
t= 3080.000000  0.000000  0.052375  0.027000  0.033000  0.813125  0.070750  0.001625  0.000125  0.002000  
t= 3100.000000  0.000000  0.053500  0.028125  0.033250  0.808500  0.073000  0.001875  0.000250  0.001500  
t= 3120.000000  0.000000  0.054000  0.029000  0.033500  0.803250  0.076750  0.001875  0.000375  0.001250  
t= 3140.000000  0.000000  0.054375  0.030625  0.033750  0.790875  0.086000  0.002625  0.000500  0.001250  
t= 3160.000000  0.000000  0.054875  0.031625  0.034250  0.784250  0.091125  0.002125  0.000375  0.001375  
t= 3180.000000  0.000000  0.055125  0.032375  0.035125  0.780375  0.094000  0.001750  0.000500  0.000750  
t= 3200.000000  0.000000  0.056000  0.033125  0.035625  0.771625  0.100500  0.001625  0.000625  0.000875  
t= 3220.000000  0.000000  0.056125  0.033625  0.036500  0.762250  0.108250  0.001875  0.000500  0.000875  
t= 3240.000000  0.000000  0.056125  0.034000  0.036875  0.754125  0.113750  0.002625  0.001750  0.000750  
t= 3260.000000  0.000000  0.056375  0.035250  0.038000  0.748750  0.116625  0.002375  0.001875  0.000750  
t= 3280.000000  0.000000  0.056750  0.036250  0.038625  0.748750  0.113750  0.003000  0.002125  0.000750  
t= 3300.000000  0.000000  0.057250  0.037375  0.039500  0.746500  0.113125  0.003000  0.002000  0.001250  
t= 3320.000000  0.000000  0.057625  0.038000  0.040375  0.737750  0.119125  0.003750  0.001000  0.002375  
t= 3340.000000  0.000000  0.058250  0.038625  0.040750  0.734875  0.120625  0.003125  0.000125  0.003625  
t= 3360.000000  0.000000  0.058625  0.040125  0.041250  0.737375  0.115125  0.003750  0.000750  0.003000  
t= 3380.000000  0.000000  0.059750  0.041250  0.041625  0.742750  0.108500  0.002375  0.000750  0.003000  
t= 3400.000000  0.000000  0.060875  0.041875  0.042750  0.741875  0.106500  0.002250  0.000750  0.003125  
t= 3420.000000  0.000000  0.061375  0.043250  0.043125  0.741250  0.105875  0.001125  0.000750  0.003250  
t= 3440.000000  0.000000  0.061750  0.044750  0.043875  0.744375  0.099750  0.001625  0.000750  0.003125  
t= 3460.000000  0.000000  0.063375  0.045250  0.045000  0.746125  0.094875  0.001375  0.001000  0.003000  
t= 3480.000000  0.000000  0.064375  0.045875  0.046000  0.741125  0.098000  0.001500  0.000875  0.002250  
t= 3500.000000  0.000000  0.065375  0.046000  0.046875  0.735875  0.100875  0.002375  0.000875  0.001750  
t= 3520.000000  0.000000  0.066000  0.046750  0.048375  0.731875  0.101750  0.002375  0.001000  0.001875  
t= 3540.000000  0.000000  0.066875  0.047125  0.050000  0.722375  0.108875  0.002375  0.001125  0.001250  
t= 3560.000000  0.000000  0.068000  0.047875  0.050750  0.720375  0.107375  0.002875  0.001500  0.001250  
t= 3580.000000  0.000000  0.069375  0.048375  0.052375  0.720125  0.105125  0.002625  0.001125  0.000875  
t= 3600.000000  0.000000  0.070500  0.049250  0.053000  0.718625  0.103500  0.002500  0.001750  0.000875  
t= 3620.000000  0.000000  0.070875  0.049625  0.053875  0.726750  0.095375  0.002125  0.000625  0.000750  
t= 3640.000000  0.000000  0.072000  0.050375  0.055500  0.726375  0.091500  0.002250  0.001125  0.000875  
t= 3660.000000  0.000000  0.073000  0.051000  0.056750  0.727125  0.088375  0.002250  0.001000  0.000500  
t= 3680.000000  0.000000  0.073500  0.052000  0.057750  0.727000  0.084250  0.003750  0.001375  0.000375  
t= 3700.000000  0.000000  0.074750  0.052625  0.058000  0.724000  0.084250  0.003875  0.001500  0.001000  
t= 3720.000000  0.000000  0.076000  0.053750  0.058875  0.725125  0.079750  0.004500  0.001625  0.000375  
t= 3740.000000  0.000000  0.077625  0.054000  0.059125  0.728875  0.073875  0.004125  0.002000  0.000375  
t= 3760.000000  0.000000  0.079375  0.054375  0.060000  0.731750  0.070750  0.002250  0.001000  0.000500  
t= 3780.000000  0.000000  0.080250  0.054750  0.061125  0.735125  0.066000  0.001500  0.000875  0.000375  
t= 3800.000000  0.000000  0.081750  0.055250  0.061500  0.735750  0.064500  0.000750  0.000250  0.000250  
t= 3820.000000  0.000000  0.082625  0.056500  0.062125  0.734625  0.062250  0.001625  0.000250  0.000000  
t= 3840.000000  0.000000  0.083750  0.057000  0.063375  0.726875  0.067625  0.001250  0.000125  0.000000  
t= 3860.000000  0.000000  0.085125  0.057750  0.064500  0.720000  0.070250  0.002125  0.000250  0.000000  
t= 3880.000000  0.000000  0.085750  0.058250  0.065000  0.717000  0.066125  0.007375  0.000500  0.000000  
t= 3900.000000  0.000000  0.086750  0.059000  0.066625  0.715500  0.059875  0.011250  0.000875  0.000125  
t= 3920.000000  0.000000  0.087750  0.059875  0.067250  0.714375  0.052500  0.016750  0.001375  0.000125  
t= 3940.000000  0.000000  0.088375  0.060375  0.068000  0.711250  0.054125  0.016000  0.001875  0.000000  
t= 3960.000000  0.000000  0.089625  0.061250  0.069125  0.706125  0.060125  0.011875  0.001875  0.000000  
t= 3980.000000  0.000000  0.091375  0.062625  0.070000  0.701875  0.063125  0.008500  0.002500  0.000000  
t= 4000.000000  0.000000  0.092500  0.063625  0.071250  0.699000  0.064000  0.006250  0.003375  0.000000  
t= 4020.000000  0.000000  0.093750  0.064500  0.072000  0.699500  0.062125  0.004125  0.003875  0.000125  
t= 4040.000000  0.000000  0.094250  0.065500  0.073625  0.698625  0.058875  0.007125  0.001750  0.000250  
t= 4060.000000  0.000000  0.095500  0.066875  0.074625  0.697375  0.056250  0.008000  0.001375  0.000000  
t= 4080.000000  0.000000  0.096000  0.067625  0.075875  0.696375  0.051750  0.011125  0.001125  0.000125  
t= 4100.000000  0.000000  0.096375  0.068500  0.078000  0.695250  0.047250  0.014250  0.000375  0.000000  
t= 4120.000000  0.000000  0.097000  0.069750  0.079375  0.693125  0.043375  0.016875  0.000500  0.000000  
t= 4140.000000  0.000000  0.098625  0.070750  0.080375  0.692625  0.037250  0.020000  0.000375  0.000000  
t= 4160.000000  0.000000  0.099625  0.072625  0.081750  0.689625  0.028625  0.027250  0.000500  0.000000  
t= 4180.000000  0.000000  0.100625  0.073500  0.083000  0.689375  0.024375  0.029000  0.000125  0.000000  
t= 4200.000000  0.000000  0.102375  0.074500  0.083875  0.688875  0.027375  0.022750  0.000250  0.000000  
t= 4220.000000  0.000000  0.102875  0.075125  0.084750  0.689750  0.028250  0.019125  0.000125  0.000000  
t= 4240.000000  0.000000  0.103875  0.076375  0.085750  0.688250  0.028250  0.017500  0.000000  0.000000  
t= 4260.000000  0.000000  0.105500  0.077125  0.087375  0.687125  0.027875  0.014875  0.000125  0.000000  
t= 4280.000000  0.000000  0.107000  0.078375  0.088500  0.684375  0.029250  0.011875  0.000625  0.000000  
t= 4300.000000  0.000000  0.108000  0.079500  0.089000  0.680375  0.033375  0.009250  0.000375  0.000125  
t= 4320.000000  0.000000  0.109625  0.080500  0.090000  0.673250  0.037625  0.008250  0.000625  0.000125  
t= 4340.000000  0.000000  0.111250  0.081000  0.090875  0.666000  0.042000  0.008750  0.000000  0.000125  
t= 4360.000000  0.000000  0.111875  0.082250  0.091625  0.661750  0.044750  0.007125  0.000375  0.000250  
t= 4380.000000  0.000000  0.112250  0.083875  0.092375  0.664125  0.039500  0.007125  0.000375  0.000375  
t= 4400.000000  0.000000  0.113125  0.084375  0.094250  0.661500  0.039125  0.006000  0.001000  0.000625  
t= 4420.000000  0.000000  0.114125  0.085250  0.095125  0.658875  0.038875  0.005875  0.000250  0.001625  
t= 4440.000000  0.000000  0.115000  0.086500  0.096125  0.656000  0.039000  0.005875  0.000250  0.001250  
t= 4460.000000  0.000000  0.115625  0.087125  0.097250  0.654000  0.037625  0.007000  0.000375  0.001000  
t= 4480.000000  0.000000  0.116125  0.088000  0.098500  0.652500  0.036250  0.007000  0.000250  0.001375  
t= 4500.000000  0.000000  0.117000  0.088875  0.099375  0.652750  0.034000  0.007375  0.000125  0.000500  
t= 4520.000000  0.000000  0.118625  0.090000  0.100500  0.645250  0.036875  0.007750  0.000375  0.000625  
t= 4540.000000  0.000000  0.120000  0.091000  0.101000  0.638625  0.039375  0.008625  0.000375  0.001000  
t= 4560.000000  0.000000  0.120875  0.092625  0.101000  0.630375  0.041875  0.012250  0.000500  0.000500  
t= 4580.000000  0.000000  0.121625  0.093250  0.101875  0.621750  0.045875  0.014750  0.000375  0.000500  
t= 4600.000000  0.000000  0.122625  0.094250  0.102250  0.616500  0.049000  0.014250  0.000625  0.000500  
t= 4620.000000  0.000000  0.124250  0.095000  0.102375  0.615875  0.045125  0.016750  0.000250  0.000375  
t= 4640.000000  0.000000  0.125500  0.096000  0.102625  0.618750  0.041250  0.015500  0.000125  0.000250  
t= 4660.000000  0.000000  0.126500  0.096625  0.103500  0.621000  0.036625  0.014125  0.000375  0.001250  
t= 4680.000000  0.000000  0.127250  0.097500  0.104000  0.623375  0.032750  0.013250  0.000875  0.001000  
t= 4700.000000  0.000000  0.128125  0.098625  0.105250  0.620750  0.034250  0.010750  0.000625  0.001625  
t= 4720.000000  0.000000  0.129375  0.099250  0.106125  0.613875  0.037625  0.011125  0.001250  0.001375  
t= 4740.000000  0.000000  0.130250  0.100375  0.106875  0.606750  0.044250  0.009625  0.001000  0.000875  
t= 4760.000000  0.000000  0.130875  0.101750  0.107375  0.608875  0.040500  0.008625  0.000750  0.001250  
t= 4780.000000  0.000000  0.131500  0.103000  0.108375  0.614625  0.033500  0.007625  0.001000  0.000375  
t= 4800.000000  0.000000  0.132375  0.104250  0.109125  0.616250  0.030250  0.006500  0.000500  0.000750  
t= 4820.000000  0.000000  0.132750  0.105750  0.109375  0.621250  0.023250  0.006500  0.000125  0.001000  
t= 4840.000000  0.000000  0.133625  0.107500  0.109750  0.624000  0.018250  0.005625  0.000375  0.000875  
t= 4860.000000  0.000000  0.135625  0.108625  0.110375  0.623750  0.015625  0.006000  0.000000  0.000000  
t= 4880.000000  0.000000  0.136875  0.109500  0.110625  0.623625  0.014750  0.004125  0.000375  0.000125  
t= 4900.000000  0.000000  0.137625  0.110875  0.110875  0.621875  0.014375  0.003625  0.000500  0.000250  
t= 4920.000000  0.000000  0.138625  0.111875  0.111625  0.620000  0.013250  0.003750  0.000375  0.000500  
t= 4940.000000  0.000000  0.139750  0.113625  0.112125  0.617125  0.012500  0.003625  0.000750  0.000500  
t= 4960.000000  0.000000  0.140125  0.114625  0.112875  0.615125  0.012875  0.003000  0.001000  0.000375  
t= 4980.000000  0.000000  0.140750  0.116500  0.113250  0.611750  0.013500  0.002875  0.001000  0.000375  
t= 5000.000000  0.000000  0.141625  0.118500  0.113250  0.608750  0.013750  0.003125  0.001000  0.000000  
t= 5020.000000  0.000000  0.142625  0.120000  0.113750  0.605500  0.014125  0.002875  0.001000  0.000125  
t= 5040.000000  0.000000  0.144250  0.121125  0.114375  0.601750  0.014000  0.002750  0.001125  0.000625  
t= 5060.000000  0.000000  0.145000  0.122625  0.115000  0.598750  0.012500  0.003625  0.001500  0.001000  
t= 5080.000000  0.000000  0.146000  0.123750  0.115875  0.594750  0.012250  0.005125  0.001625  0.000625  
t= 5100.000000  0.000000  0.147125  0.125000  0.116375  0.590000  0.011500  0.006625  0.002000  0.001375  
t= 5120.000000  0.000000  0.148625  0.125500  0.117500  0.582000  0.014500  0.008625  0.002375  0.000875  
t= 5140.000000  0.000000  0.149875  0.127125  0.119000  0.568875  0.018500  0.011500  0.004125  0.001000  
t= 5160.000000  0.000000  0.151500  0.127625  0.120000  0.553250  0.028250  0.016625  0.002000  0.000750  
t= 5180.000000  0.000000  0.152000  0.129625  0.120250  0.532375  0.044125  0.019375  0.001750  0.000500  
t= 5200.000000  0.000000  0.153250  0.130750  0.121500  0.519250  0.049750  0.023125  0.001500  0.000875  
t= 5220.000000  0.000000  0.153750  0.132000  0.121875  0.518000  0.049625  0.021875  0.002500  0.000375  
t= 5240.000000  0.000000  0.155500  0.132875  0.122625  0.518250  0.044750  0.024125  0.001625  0.000250  
t= 5260.000000  0.000000  0.156375  0.133750  0.123750  0.513125  0.047125  0.023000  0.002625  0.000250  
t= 5280.000000  0.000000  0.157000  0.135875  0.124125  0.507500  0.049625  0.021750  0.003875  0.000250  
t= 5300.000000  0.000000  0.158375  0.136375  0.125000  0.501750  0.053625  0.021875  0.002500  0.000500  
t= 5320.000000  0.000000  0.160375  0.138000  0.125000  0.495500  0.059250  0.019250  0.002250  0.000375  
t= 5340.000000  0.000000  0.161500  0.138750  0.125625  0.501250  0.054500  0.015000  0.002750  0.000625  
t= 5360.000000  0.000000  0.162750  0.140000  0.126625  0.494625  0.059875  0.013125  0.002625  0.000375  
t= 5380.000000  0.000000  0.164000  0.140625  0.128000  0.499250  0.054000  0.011750  0.002000  0.000375  
t= 5400.000000  0.000000  0.164875  0.141625  0.128875  0.504250  0.049125  0.008875  0.002125  0.000250  
t= 5420.000000  0.000000  0.165375  0.144125  0.129500  0.510125  0.040750  0.007375  0.002625  0.000125  
t= 5440.000000  0.000000  0.165000  0.145625  0.131000  0.514625  0.033500  0.006000  0.004125  0.000125  
t= 5460.000000  0.000000  0.165875  0.147375  0.132000  0.514750  0.031000  0.005250  0.003625  0.000125  
t= 5480.000000  0.000000  0.166875  0.148500  0.133125  0.516625  0.026250  0.005000  0.003375  0.000250  
t= 5500.000000  0.000000  0.168500  0.149875  0.134625  0.518500  0.020625  0.004625  0.003125  0.000125  
t= 5520.000000  0.000000  0.170125  0.151125  0.135875  0.517875  0.017500  0.004000  0.003250  0.000250  
t= 5540.000000  0.000000  0.171250  0.152375  0.137000  0.516000  0.017125  0.003500  0.002500  0.000250  
t= 5560.000000  0.000000  0.172500  0.153625  0.138500  0.512375  0.018000  0.003250  0.001625  0.000125  
t= 5580.000000  0.000000  0.173000  0.155875  0.140375  0.509000  0.017125  0.003125  0.001500  0.000000  
t= 5600.000000  0.000000  0.174000  0.156875  0.141250  0.504375  0.019000  0.003125  0.001125  0.000250  
t= 5620.000000  0.000000  0.175625  0.158500  0.142500  0.499375  0.019750  0.002875  0.001250  0.000125  
t= 5640.000000  0.000000  0.176750  0.160000  0.143000  0.495750  0.020625  0.002625  0.001125  0.000125  
t= 5660.000000  0.000000  0.178125  0.161625  0.144750  0.490875  0.021000  0.002375  0.001125  0.000125  
t= 5680.000000  0.000000  0.179250  0.163625  0.146125  0.485125  0.020875  0.003625  0.001375  0.000000  
t= 5700.000000  0.000000  0.181500  0.164500  0.146875  0.479750  0.020500  0.003125  0.003500  0.000250  
t= 5720.000000  0.000000  0.182875  0.165500  0.147875  0.475125  0.020250  0.003750  0.004500  0.000125  
t= 5740.000000  0.000000  0.183500  0.167375  0.148250  0.469000  0.020875  0.005875  0.004625  0.000500  
t= 5760.000000  0.000000  0.184750  0.168125  0.149125  0.465000  0.021375  0.004875  0.006125  0.000625  
t= 5780.000000  0.000000  0.186000  0.169750  0.150000  0.458875  0.022250  0.006125  0.006125  0.000875  
t= 5800.000000  0.000000  0.187750  0.170250  0.150250  0.453625  0.021000  0.010250  0.005875  0.001000  
t= 5820.000000  0.000000  0.188250  0.171500  0.150375  0.454500  0.018875  0.009500  0.005875  0.001125  
t= 5840.000000  0.000000  0.189000  0.171875  0.152375  0.455875  0.017250  0.007500  0.005500  0.000625  
t= 5860.000000  0.000000  0.189875  0.172375  0.153500  0.457125  0.016250  0.006750  0.003375  0.000750  
t= 5880.000000  0.000000  0.191500  0.173375  0.153750  0.458250  0.014250  0.005375  0.002875  0.000625  
t= 5900.000000  0.000000  0.193250  0.174125  0.154125  0.459625  0.010750  0.005625  0.002250  0.000250  
t= 5920.000000  0.000000  0.194625  0.175500  0.154875  0.457625  0.009125  0.005000  0.003125  0.000125  
t= 5940.000000  0.000000  0.195750  0.176250  0.155250  0.457875  0.008250  0.004250  0.002375  0.000000  
t= 5960.000000  0.000000  0.196875  0.176750  0.155500  0.455250  0.010375  0.003375  0.001875  0.000000  
t= 5980.000000  0.000000  0.198000  0.177500  0.155750  0.451625  0.011875  0.003625  0.001625  0.000000  
t= 6000.000000  0.000000  0.199375  0.178125  0.156625  0.447375  0.012125  0.004750  0.001625  0.000000  
t= 6020.000000  0.000000  0.200000  0.178750  0.157750  0.444250  0.012750  0.005250  0.001250  0.000000  
t= 6040.000000  0.000000  0.200875  0.179750  0.159125  0.440875  0.012875  0.005375  0.001125  0.000000  
t= 6060.000000  0.000000  0.201750  0.180375  0.160250  0.437000  0.013875  0.006000  0.000750  0.000000  
t= 6080.000000  0.000000  0.203625  0.180000  0.162125  0.431750  0.014000  0.008000  0.000500  0.000000  
t= 6100.000000  0.000000  0.204375  0.180750  0.163375  0.427750  0.014875  0.008500  0.000375  0.000000  
t= 6120.000000  0.000000  0.205750  0.181750  0.163750  0.423375  0.014375  0.010750  0.000250  0.000000  
t= 6140.000000  0.000000  0.206625  0.183500  0.164875  0.420125  0.013625  0.010750  0.000375  0.000125  
t= 6160.000000  0.000000  0.207625  0.183875  0.166000  0.417750  0.014125  0.010000  0.000500  0.000125  
t= 6180.000000  0.000000  0.208750  0.184875  0.166875  0.416000  0.013500  0.009500  0.000500  0.000000  
t= 6200.000000  0.000000  0.209875  0.186000  0.166750  0.415875  0.013125  0.007750  0.000625  0.000000  
t= 6220.000000  0.000000  0.211750  0.185875  0.167875  0.416250  0.011500  0.006500  0.000125  0.000125  
t= 6240.000000  0.000000  0.212875  0.186625  0.168250  0.415250  0.011250  0.005625  0.000125  0.000000  
t= 6260.000000  0.000000  0.214000  0.188125  0.168750  0.413250  0.010375  0.004875  0.000500  0.000125  
t= 6280.000000  0.000000  0.215000  0.189125  0.169875  0.410875  0.010500  0.004250  0.000375  0.000000  
t= 6300.000000  0.000000  0.215625  0.191500  0.170000  0.410750  0.008375  0.003625  0.000125  0.000000  
t= 6320.000000  0.000000  0.216375  0.192500  0.171125  0.407000  0.009375  0.003375  0.000125  0.000125  
t= 6340.000000  0.000000  0.216500  0.193375  0.172625  0.404625  0.009375  0.003000  0.000500  0.000000  
t= 6360.000000  0.000000  0.217875  0.194750  0.173125  0.400250  0.010750  0.003000  0.000250  0.000000  
t= 6380.000000  0.000000  0.219125  0.195500  0.173375  0.397875  0.011125  0.002750  0.000125  0.000125  
t= 6400.000000  0.000000  0.220000  0.197250  0.174500  0.391750  0.013000  0.002500  0.000875  0.000125  
t= 6420.000000  0.000000  0.221000  0.199375  0.175000  0.386000  0.013875  0.002750  0.001875  0.000125  
t= 6440.000000  0.000000  0.221750  0.200375  0.175750  0.379000  0.017875  0.002625  0.002500  0.000125  
t= 6460.000000  0.000000  0.222000  0.201625  0.177125  0.375250  0.018750  0.002500  0.002625  0.000125  
t= 6480.000000  0.000000  0.222500  0.202500  0.177750  0.376500  0.017000  0.001750  0.002000  0.000000  
t= 6500.000000  0.000000  0.223750  0.204125  0.178750  0.372500  0.018375  0.001125  0.001250  0.000125  
t= 6520.000000  0.000000  0.224000  0.205125  0.179375  0.373125  0.016000  0.001875  0.000500  0.000000  
t= 6540.000000  0.000000  0.224625  0.205375  0.180000  0.372250  0.015875  0.001375  0.000500  0.000000  
t= 6560.000000  0.000000  0.225125  0.206000  0.180500  0.372250  0.013875  0.002000  0.000250  0.000000  
t= 6580.000000  0.000000  0.226625  0.207000  0.180500  0.369000  0.014750  0.002125  0.000000  0.000000  
t= 6600.000000  0.000000  0.227125  0.208000  0.181375  0.366875  0.013625  0.002500  0.000500  0.000000  
t= 6620.000000  0.000000  0.228000  0.209125  0.181625  0.366375  0.011375  0.003125  0.000125  0.000250  
t= 6640.000000  0.000000  0.228750  0.209500  0.182250  0.364625  0.011500  0.002875  0.000250  0.000250  
t= 6660.000000  0.000000  0.229750  0.210250  0.182375  0.361000  0.012875  0.003000  0.000625  0.000125  
t= 6680.000000  0.000000  0.230375  0.211375  0.182625  0.356375  0.015625  0.002375  0.001250  0.000000  
t= 6700.000000  0.000000  0.231125  0.212125  0.182750  0.349250  0.020000  0.002875  0.001875  0.000000  
t= 6720.000000  0.000000  0.231250  0.212875  0.183375  0.346250  0.020375  0.003125  0.002750  0.000000  
t= 6740.000000  0.000000  0.232125  0.214375  0.183000  0.342250  0.021000  0.003125  0.004125  0.000000  
t= 6760.000000  0.000000  0.232500  0.214875  0.184125  0.337125  0.022625  0.005125  0.003625  0.000000  
t= 6780.000000  0.000000  0.234000  0.214500  0.185125  0.331125  0.027875  0.003125  0.004125  0.000125  
t= 6800.000000  0.000000  0.234875  0.216625  0.184875  0.329500  0.026625  0.004000  0.003375  0.000125  
t= 6820.000000  0.000000  0.236250  0.217125  0.185500  0.328000  0.024750  0.004375  0.004000  0.000000  
t= 6840.000000  0.000000  0.238125  0.217500  0.185500  0.330875  0.019000  0.005750  0.003125  0.000125  
t= 6860.000000  0.000000  0.239375  0.217250  0.186375  0.329875  0.018875  0.006000  0.001625  0.000625  
t= 6880.000000  0.000000  0.240500  0.217500  0.186750  0.328625  0.018250  0.005875  0.002125  0.000375  
t= 6900.000000  0.000000  0.241750  0.218500  0.186500  0.328875  0.017500  0.005125  0.001375  0.000375  
t= 6920.000000  0.000000  0.243500  0.218875  0.187500  0.323750  0.020750  0.004125  0.001000  0.000500  
t= 6940.000000  0.000000  0.244750  0.220375  0.187875  0.322375  0.021125  0.002000  0.001250  0.000250  
t= 6960.000000  0.000000  0.245625  0.221750  0.188250  0.324375  0.017000  0.002000  0.000875  0.000125  
t= 6980.000000  0.000000  0.246875  0.222375  0.188500  0.327000  0.013375  0.001125  0.000500  0.000250  
t= 7000.000000  0.000000  0.248375  0.222625  0.189000  0.326375  0.012250  0.001125  0.000250  0.000000  
t= 7020.000000  0.000000  0.248875  0.223375  0.189500  0.326375  0.011125  0.000375  0.000375  0.000000  
t= 7040.000000  0.000000  0.249500  0.223000  0.190875  0.326625  0.009375  0.000375  0.000125  0.000125  
t= 7060.000000  0.000000  0.250375  0.223500  0.191375  0.325125  0.009000  0.000500  0.000125  0.000000  
t= 7080.000000  0.000000  0.251500  0.223875  0.191625  0.324500  0.007750  0.000750  0.000000  0.000000  
t= 7100.000000  0.000000  0.252750  0.223875  0.192875  0.323250  0.006500  0.000625  0.000125  0.000000  
t= 7120.000000  0.000000  0.253875  0.225250  0.192750  0.321375  0.006000  0.000500  0.000125  0.000125  
t= 7140.000000  0.000000  0.254500  0.226875  0.193000  0.319250  0.005125  0.000875  0.000125  0.000250  
t= 7160.000000  0.000000  0.255125  0.226875  0.194375  0.317875  0.004625  0.000875  0.000000  0.000250  
t= 7180.000000  0.000000  0.255875  0.227250  0.195250  0.316125  0.005125  0.000000  0.000250  0.000125  
t= 7200.000000  0.000000  0.257500  0.227500  0.195375  0.312375  0.006375  0.000375  0.000500  0.000000  
t= 7220.000000  0.000000  0.258375  0.227875  0.195250  0.312125  0.005125  0.000625  0.000625  0.000000  
t= 7240.000000  0.000000  0.258625  0.229250  0.195000  0.308500  0.006875  0.000875  0.000875  0.000000  
t= 7260.000000  0.000000  0.259375  0.229750  0.195125  0.304875  0.008375  0.001375  0.001000  0.000125  
t= 7280.000000  0.000000  0.260125  0.229625  0.196000  0.299375  0.010375  0.002000  0.002375  0.000125  
t= 7300.000000  0.000000  0.261000  0.230250  0.196375  0.295375  0.011375  0.002125  0.003250  0.000250  
t= 7320.000000  0.000000  0.262000  0.231000  0.196500  0.292125  0.010875  0.002125  0.005125  0.000250  
t= 7340.000000  0.000000  0.262500  0.231625  0.197000  0.290875  0.008750  0.003125  0.005375  0.000750  
t= 7360.000000  0.000000  0.263375  0.232250  0.198125  0.287500  0.008625  0.003250  0.006250  0.000625  
t= 7380.000000  0.000000  0.263875  0.233375  0.198500  0.282125  0.011000  0.003500  0.007000  0.000625  
t= 7400.000000  0.000000  0.265625  0.233625  0.199125  0.280125  0.011000  0.003625  0.006500  0.000375  
t= 7420.000000  0.000000  0.266500  0.233875  0.199625  0.278375  0.010250  0.004375  0.006500  0.000500  
t= 7440.000000  0.000000  0.267250  0.234875  0.199750  0.277875  0.008875  0.004500  0.006000  0.000875  
t= 7460.000000  0.000000  0.268125  0.235125  0.200875  0.277375  0.006750  0.005250  0.005250  0.001250  
