t= 0.000000 0.000000 0.001167 0.001396 0.001500 0.020729 0.013500 0.345417 0.319958 0.296333
t= 20.000000 0.000000 0.002375 0.002563 0.002729 0.041229 0.025667 0.355792 0.307063 0.262584
t= 40.000000 0.000000 0.003542 0.004000 0.004104 0.059750 0.036334 0.361292 0.294313 0.236667
t= 60.000000 0.000000 0.004542 0.005000 0.005688 0.076417 0.046208 0.365854 0.283813 0.212479
t= 80.000000 0.000000 0.005479 0.006063 0.006979 0.091416 0.056125 0.370646 0.270000 0.193292
t= 100.000000 0.000000 0.006480 0.007167 0.008542 0.105562 0.065812 0.371083 0.260354 0.175000
t= 120.000000 0.000000 0.007542 0.008250 0.010063 0.117458 0.074937 0.372854 0.249750 0.159146
t= 140.000000 0.000000 0.008813 0.009521 0.011854 0.129000 0.082167 0.373980 0.234875 0.149792
t= 160.000000 0.000000 0.009688 0.010521 0.013000 0.140458 0.091604 0.379375 0.216917 0.138437
t= 180.000000 0.000000 0.010729 0.011313 0.014458 0.149646 0.101375 0.375479 0.207979 0.129021
t= 200.000000 0.000000 0.011542 0.012125 0.015771 0.159500 0.108229 0.370792 0.204458 0.117584
t= 220.000000 0.000000 0.012458 0.013271 0.017104 0.168250 0.116104 0.364645 0.201625 0.106542
t= 240.000000 0.000000 0.013313 0.014105 0.018313 0.176250 0.123687 0.357521 0.196667 0.100146
t= 260.000000 0.000000 0.014042 0.015083 0.019479 0.184354 0.131438 0.348958 0.191646 0.095000
t= 280.000000 0.000000 0.015063 0.015896 0.020792 0.191687 0.139729 0.341125 0.185021 0.090688
t= 300.000000 0.000000 0.015875 0.016688 0.021750 0.198542 0.146500 0.333854 0.181000 0.085792
t= 320.000000 0.000000 0.017021 0.017584 0.022584 0.205187 0.152646 0.326000 0.177583 0.081396
t= 340.000000 0.000000 0.017855 0.018521 0.023625 0.212208 0.157604 0.318146 0.174042 0.078000
t= 360.000000 0.000000 0.018688 0.019084 0.024646 0.219104 0.160688 0.311542 0.171229 0.075021
t= 380.000000 0.000000 0.019542 0.019958 0.025688 0.225604 0.164542 0.303125 0.167417 0.074125
t= 400.000000 0.000000 0.020792 0.020688 0.026833 0.232375 0.167437 0.296187 0.168084 0.067604
t= 420.000000 0.000000 0.021479 0.021542 0.027688 0.239729 0.169708 0.292562 0.162542 0.064750
t= 440.000000 0.000000 0.022417 0.022479 0.028521 0.246958 0.171313 0.286771 0.157480 0.064062
t= 460.000000 0.000000 0.023167 0.023104 0.029417 0.254083 0.171521 0.282000 0.154354 0.062354
t= 480.000000 0.000000 0.024021 0.023875 0.030271 0.260500 0.173437 0.276417 0.151208 0.060271
t= 500.000000 0.000000 0.024834 0.024709 0.031167 0.266125 0.175833 0.270354 0.148625 0.058354
t= 520.000000 0.000000 0.025542 0.025542 0.032104 0.271375 0.180167 0.262354 0.146854 0.056063
t= 540.000000 0.000000 0.026584 0.026354 0.033146 0.276854 0.181271 0.257438 0.144521 0.053833
t= 560.000000 0.000000 0.027188 0.027188 0.033958 0.283313 0.180875 0.252771 0.142208 0.052500
t= 580.000000 0.000000 0.027938 0.027792 0.034729 0.288729 0.182104 0.248604 0.138979 0.051125
t= 600.000000 0.000000 0.028667 0.028584 0.035646 0.295313 0.182458 0.243271 0.136208 0.049854
t= 620.000000 0.000000 0.029354 0.029125 0.036750 0.300833 0.182229 0.238937 0.134521 0.048250
t= 640.000000 0.000000 0.029938 0.030021 0.037292 0.306062 0.182687 0.234979 0.132396 0.046625
t= 660.000000 0.000000 0.030667 0.030896 0.037959 0.311354 0.183292 0.230479 0.129646 0.045708
t= 680.000000 0.000000 0.031354 0.031563 0.038688 0.316166 0.184375 0.226521 0.127167 0.044167
t= 700.000000 0.000000 0.032063 0.032334 0.039334 0.319854 0.185375 0.223708 0.124375 0.042958
t= 720.000000 0.000000 0.032917 0.032938 0.040042 0.324583 0.185187 0.224917 0.117583 0.041833
t= 740.000000 0.000000 0.033542 0.033438 0.040729 0.329354 0.185458 0.222750 0.113187 0.041542
t= 760.000000 0.000000 0.034250 0.034104 0.041125 0.334021 0.185708 0.219979 0.108521 0.042292
t= 780.000000 0.000000 0.035000 0.035084 0.041813 0.338604 0.186396 0.216646 0.101583 0.044875
t= 800.000000 0.000000 0.035521 0.035729 0.042500 0.342667 0.187771 0.213271 0.100959 0.041583
t= 820.000000 0.000000 0.036271 0.036167 0.043146 0.346667 0.188917 0.214167 0.094979 0.039688
t= 840.000000 0.000000 0.036917 0.036834 0.043854 0.350542 0.189542 0.210583 0.094000 0.037729
t= 860.000000 0.000000 0.037292 0.037313 0.044521 0.353834 0.191271 0.205604 0.093854 0.036312
t= 880.000000 0.000000 0.038000 0.037938 0.045021 0.356855 0.193188 0.201354 0.092417 0.035229
t= 900.000000 0.000000 0.038771 0.038500 0.045646 0.358708 0.197958 0.195792 0.090437 0.034187
t= 920.000000 0.000000 0.039334 0.039000 0.045937 0.360167 0.200104 0.194333 0.088146 0.032979
t= 940.000000 0.000000 0.039958 0.039604 0.046479 0.362750 0.200958 0.192479 0.085708 0.032063
t= 960.000000 0.000000 0.040542 0.040146 0.046917 0.366104 0.201396 0.190562 0.083125 0.031209
t= 980.000000 0.000000 0.041229 0.040646 0.047604 0.369812 0.200938 0.189500 0.078729 0.031541
t= 1000.000000 0.000000 0.041625 0.041146 0.048063 0.373417 0.202146 0.187375 0.075521 0.030708
t= 1020.000000 0.000000 0.042021 0.041792 0.048604 0.376792 0.204562 0.183062 0.074375 0.028792
t= 1040.000000 0.000000 0.042479 0.042417 0.048834 0.380354 0.205708 0.179771 0.073271 0.027167
t= 1060.000000 0.000000 0.043063 0.042979 0.049208 0.384063 0.206958 0.175375 0.072771 0.025583
t= 1080.000000 0.000000 0.043500 0.043521 0.049437 0.387042 0.209521 0.171208 0.071584 0.024188
t= 1100.000000 0.000000 0.043938 0.044083 0.049646 0.389938 0.211646 0.168625 0.068979 0.023146
t= 1120.000000 0.000000 0.044521 0.044375 0.049958 0.393479 0.214896 0.163375 0.067437 0.021958
t= 1140.000000 0.000000 0.044979 0.044855 0.050104 0.396979 0.217625 0.158187 0.066396 0.020875
t= 1160.000000 0.000000 0.045438 0.045292 0.050542 0.402375 0.217458 0.154437 0.064313 0.020146
t= 1180.000000 0.000000 0.045813 0.045750 0.050959 0.406750 0.217354 0.150687 0.063521 0.019167
t= 1200.000000 0.000000 0.046271 0.046313 0.051208 0.411167 0.218354 0.145958 0.062542 0.018187
t= 1220.000000 0.000000 0.046521 0.046646 0.051646 0.415354 0.219791 0.141459 0.061104 0.017479
t= 1240.000000 0.000000 0.046896 0.046938 0.052084 0.418480 0.220792 0.138208 0.059604 0.017000
t= 1260.000000 0.000000 0.047479 0.047250 0.052500 0.422021 0.221771 0.134458 0.058104 0.016417
t= 1280.000000 0.000000 0.047875 0.047417 0.052771 0.424896 0.222417 0.132667 0.055938 0.016021
t= 1300.000000 0.000000 0.048292 0.047979 0.052959 0.427917 0.224396 0.127479 0.055458 0.015521
t= 1320.000000 0.000000 0.048687 0.048563 0.053542 0.429833 0.224292 0.125687 0.054417 0.014979
t= 1340.000000 0.000000 0.049146 0.048896 0.053834 0.432312 0.224792 0.123021 0.053396 0.014604
t= 1360.000000 0.000000 0.049375 0.049417 0.054292 0.434812 0.225000 0.120833 0.052021 0.014250
t= 1380.000000 0.000000 0.049688 0.050104 0.054688 0.437542 0.224896 0.118313 0.050958 0.013812
t= 1400.000000 0.000000 0.050000 0.050542 0.054875 0.440417 0.224083 0.116812 0.049896 0.013375
t= 1420.000000 0.000000 0.050396 0.051042 0.055292 0.442708 0.223021 0.115563 0.049188 0.012792
t= 1440.000000 0.000000 0.050646 0.051479 0.055646 0.445563 0.224312 0.111625 0.048562 0.012167
t= 1460.000000 0.000000 0.051083 0.051938 0.055854 0.448104 0.223146 0.110625 0.047729 0.011521
t= 1480.000000 0.000000 0.051542 0.052375 0.056104 0.449541 0.223167 0.109562 0.046687 0.011021
t= 1500.000000 0.000000 0.051979 0.052750 0.056458 0.452458 0.222041 0.107646 0.046062 0.010604
t= 1520.000000 0.000000 0.052292 0.053105 0.056875 0.454458 0.222250 0.105729 0.045292 0.010000
t= 1540.000000 0.000000 0.052729 0.053396 0.057354 0.456000 0.222729 0.104000 0.043979 0.009813
t= 1560.000000 0.000000 0.053333 0.053813 0.057583 0.458313 0.222146 0.102938 0.041958 0.009917
t= 1580.000000 0.000000 0.053750 0.054250 0.057521 0.460896 0.221333 0.101688 0.040938 0.009625
t= 1600.000000 0.000000 0.054125 0.054604 0.057834 0.462834 0.221333 0.099417 0.039979 0.009875
t= 1620.000000 0.000000 0.054375 0.055021 0.057875 0.465500 0.220667 0.098000 0.038750 0.009813
t= 1640.000000 0.000000 0.054667 0.055333 0.058188 0.468104 0.220229 0.096000 0.037854 0.009625
t= 1660.000000 0.000000 0.055063 0.055667 0.058500 0.471625 0.218375 0.094208 0.037500 0.009063
t= 1680.000000 0.000000 0.055437 0.056042 0.058604 0.475146 0.216583 0.092396 0.036938 0.008854
t= 1700.000000 0.000000 0.055667 0.056583 0.058917 0.478417 0.214708 0.090791 0.036604 0.008313
t= 1720.000000 0.000000 0.056042 0.057063 0.059229 0.480396 0.213979 0.089375 0.036480 0.007437
t= 1740.000000 0.000000 0.056437 0.057542 0.059479 0.482604 0.212896 0.087833 0.036250 0.006958
t= 1760.000000 0.000000 0.056792 0.057833 0.059771 0.484875 0.211521 0.086709 0.035834 0.006667
t= 1780.000000 0.000000 0.057042 0.058104 0.059958 0.487791 0.209334 0.085771 0.035625 0.006375
t= 1800.000000 0.000000 0.057292 0.058354 0.060167 0.490396 0.208250 0.084250 0.035188 0.006104
t= 1820.000000 0.000000 0.057542 0.058792 0.060417 0.492000 0.207354 0.083062 0.034938 0.005896
t= 1840.000000 0.000000 0.058021 0.059125 0.060625 0.492958 0.207875 0.081208 0.034396 0.005792
t= 1860.000000 0.000000 0.058438 0.059459 0.060771 0.494167 0.207521 0.080146 0.034000 0.005500
t= 1880.000000 0.000000 0.058688 0.059937 0.060938 0.495271 0.206500 0.079896 0.033500 0.005271
t= 1900.000000 0.000000 0.058792 0.060292 0.061167 0.496208 0.206167 0.079000 0.033209 0.005167
t= 1920.000000 0.000000 0.059000 0.060584 0.061333 0.499146 0.203521 0.078354 0.032979 0.005083
t= 1940.000000 0.000000 0.059354 0.060917 0.061438 0.501771 0.201708 0.076875 0.033042 0.004896
t= 1960.000000 0.000000 0.059667 0.061271 0.061667 0.504125 0.199938 0.076021 0.032646 0.004667
t= 1980.000000 0.000000 0.059959 0.061563 0.061833 0.506687 0.197188 0.076042 0.032271 0.004458
t= 2000.000000 0.000000 0.060396 0.061875 0.061938 0.508750 0.195021 0.076021 0.031604 0.004396
t= 2020.000000 0.000000 0.060729 0.062354 0.061979 0.510958 0.195271 0.073229 0.031354 0.004125
t= 2040.000000 0.000000 0.061083 0.062667 0.062188 0.512729 0.194104 0.072063 0.031250 0.003917
t= 2060.000000 0.000000 0.061271 0.063000 0.062459 0.515583 0.191917 0.071292 0.030667 0.003812
t= 2080.000000 0.000000 0.061542 0.063334 0.062583 0.520833 0.186750 0.070917 0.030313 0.003729
t= 2100.000000 0.000000 0.061833 0.063625 0.062583 0.525146 0.183084 0.070104 0.030105 0.003521
t= 2120.000000 0.000000 0.062229 0.063792 0.063021 0.527583 0.180542 0.069604 0.029875 0.003355
t= 2140.000000 0.000000 0.062458 0.064042 0.063271 0.529292 0.178833 0.069479 0.029355 0.003271
t= 2160.000000 0.000000 0.062687 0.064146 0.063479 0.531041 0.177229 0.069375 0.028834 0.003208
t= 2180.000000 0.000000 0.063021 0.064396 0.063584 0.532979 0.175979 0.068730 0.028021 0.003292
t= 2200.000000 0.000000 0.063292 0.064729 0.063792 0.534604 0.175062 0.067813 0.027479 0.003229
t= 2220.000000 0.000000 0.063521 0.065042 0.063854 0.536979 0.173437 0.066896 0.026959 0.003313
t= 2240.000000 0.000000 0.063771 0.065313 0.064042 0.538875 0.172021 0.066417 0.026292 0.003271
t= 2260.000000 0.000000 0.063917 0.065459 0.064333 0.540209 0.171230 0.066104 0.025209 0.003542
t= 2280.000000 0.000000 0.064187 0.065562 0.064813 0.541292 0.170646 0.065438 0.024375 0.003688
t= 2300.000000 0.000000 0.064417 0.065854 0.064938 0.542833 0.170292 0.064125 0.023729 0.003813
t= 2320.000000 0.000000 0.064667 0.065979 0.065208 0.544229 0.168583 0.064292 0.023209 0.003834
t= 2340.000000 0.000000 0.064979 0.066083 0.065375 0.544396 0.169542 0.062917 0.022958 0.003750
t= 2360.000000 0.000000 0.065334 0.066187 0.065458 0.543271 0.171813 0.061250 0.022959 0.003729
t= 2380.000000 0.000000 0.065542 0.066500 0.065646 0.543458 0.172042 0.060125 0.023063 0.003625
t= 2400.000000 0.000000 0.065896 0.066708 0.065833 0.543771 0.171917 0.059625 0.022625 0.003625
t= 2420.000000 0.000000 0.066104 0.067209 0.065959 0.544104 0.172333 0.058625 0.022104 0.003563
t= 2440.000000 0.000000 0.066354 0.067438 0.066125 0.541646 0.175542 0.057500 0.021959 0.003438
t= 2460.000000 0.000000 0.066583 0.067542 0.066292 0.541063 0.176833 0.056646 0.021625 0.003417
t= 2480.000000 0.000000 0.066812 0.067833 0.066396 0.540458 0.177750 0.056062 0.021292 0.003396
t= 2500.000000 0.000000 0.067229 0.068125 0.066584 0.540938 0.177813 0.055187 0.020771 0.003354
t= 2520.000000 0.000000 0.067479 0.068479 0.066813 0.541771 0.177145 0.054167 0.020792 0.003354
t= 2540.000000 0.000000 0.067834 0.068688 0.066958 0.543021 0.176125 0.053479 0.020542 0.003354
t= 2560.000000 0.000000 0.068146 0.068917 0.067083 0.544354 0.174208 0.053563 0.020313 0.003417
t= 2580.000000 0.000000 0.068334 0.069125 0.067187 0.546146 0.172917 0.052771 0.020188 0.003334
t= 2600.000000 0.000000 0.068500 0.069437 0.067375 0.546750 0.172146 0.052667 0.019917 0.003208
t= 2620.000000 0.000000 0.068792 0.069729 0.067459 0.547854 0.170521 0.053104 0.019438 0.003104
t= 2640.000000 0.000000 0.068938 0.069896 0.067604 0.549563 0.168792 0.053167 0.019000 0.003042
t= 2660.000000 0.000000 0.069313 0.070229 0.067584 0.549958 0.167979 0.053104 0.018854 0.002979
t= 2680.000000 0.000000 0.069625 0.070395 0.067833 0.550416 0.167333 0.053000 0.018375 0.003021
t= 2700.000000 0.000000 0.070104 0.070521 0.067812 0.550417 0.167562 0.052500 0.018063 0.003021
t= 2720.000000 0.000000 0.070355 0.070958 0.067792 0.550083 0.167937 0.052042 0.017854 0.002979
t= 2740.000000 0.000000 0.070480 0.071271 0.067792 0.550729 0.167646 0.051604 0.017604 0.002875
t= 2760.000000 0.000000 0.070730 0.071562 0.067917 0.551625 0.166729 0.051042 0.017625 0.002771
t= 2780.000000 0.000000 0.070959 0.071750 0.068021 0.553084 0.165458 0.050355 0.017500 0.002875
t= 2800.000000 0.000000 0.071188 0.072063 0.068146 0.554417 0.164688 0.049354 0.017167 0.002979
t= 2820.000000 0.000000 0.071250 0.072354 0.068208 0.556084 0.163583 0.048458 0.017104 0.002959
t= 2840.000000 0.000000 0.071480 0.072625 0.068188 0.556813 0.163583 0.047625 0.016750 0.002938
t= 2860.000000 0.000000 0.071542 0.072750 0.068354 0.558146 0.162854 0.047021 0.016521 0.002813
t= 2880.000000 0.000000 0.071709 0.072875 0.068458 0.559417 0.162271 0.046458 0.016042 0.002771
t= 2900.000000 0.000000 0.071896 0.073062 0.068583 0.561146 0.161104 0.045500 0.015813 0.002896
t= 2920.000000 0.000000 0.072188 0.073354 0.068625 0.562521 0.160396 0.044250 0.015792 0.002875
t= 2940.000000 0.000000 0.072521 0.073500 0.068708 0.562729 0.160875 0.043542 0.015375 0.002750
t= 2960.000000 0.000000 0.072792 0.073791 0.068750 0.563146 0.160625 0.043063 0.015104 0.002729
t= 2980.000000 0.000000 0.073104 0.074021 0.068667 0.564500 0.159688 0.042604 0.014792 0.002625
t= 3000.000000 0.000000 0.073333 0.074271 0.068708 0.565500 0.159271 0.041917 0.014458 0.002542
t= 3020.000000 0.000000 0.073562 0.074604 0.068646 0.565688 0.159271 0.041375 0.014417 0.002438
t= 3040.000000 0.000000 0.073750 0.074896 0.068708 0.564854 0.160813 0.040167 0.014230 0.002584
t= 3060.000000 0.000000 0.074062 0.075000 0.068792 0.565333 0.161646 0.038500 0.014042 0.002625
t= 3080.000000 0.000000 0.074271 0.075271 0.068771 0.568354 0.159896 0.036854 0.013938 0.002646
t= 3100.000000 0.000000 0.074604 0.075354 0.068813 0.568771 0.159771 0.036729 0.012646 0.003312
t= 3120.000000 0.000000 0.074854 0.075562 0.068812 0.566833 0.161750 0.036271 0.012583 0.003333
t= 3140.000000 0.000000 0.075125 0.075708 0.068917 0.567229 0.161937 0.035500 0.012292 0.003292
t= 3160.000000 0.000000 0.075334 0.075812 0.068917 0.569062 0.160479 0.035167 0.011938 0.003292
t= 3180.000000 0.000000 0.075438 0.076021 0.068979 0.571417 0.157791 0.035333 0.011792 0.003229
t= 3200.000000 0.000000 0.075792 0.076188 0.069021 0.573229 0.155688 0.035354 0.011500 0.003229
t= 3220.000000 0.000000 0.075938 0.076250 0.069146 0.575166 0.154417 0.034709 0.011167 0.003208
t= 3240.000000 0.000000 0.076334 0.076375 0.069167 0.576896 0.152896 0.034125 0.011084 0.003125
t= 3260.000000 0.000000 0.076625 0.076625 0.069084 0.578333 0.151667 0.033521 0.011125 0.003021
t= 3280.000000 0.000000 0.076792 0.076771 0.069188 0.578563 0.151208 0.033458 0.011021 0.003000
t= 3300.000000 0.000000 0.076958 0.076979 0.069167 0.580875 0.148708 0.033479 0.010896 0.002938
t= 3320.000000 0.000000 0.077271 0.077167 0.069209 0.582625 0.146563 0.033042 0.011250 0.002875
t= 3340.000000 0.000000 0.077479 0.077229 0.069292 0.585125 0.143979 0.032979 0.011084 0.002834
t= 3360.000000 0.000000 0.077750 0.077479 0.069229 0.586375 0.142208 0.033083 0.011146 0.002729
t= 3380.000000 0.000000 0.077958 0.077750 0.069208 0.587604 0.139958 0.033833 0.011104 0.002583
t= 3400.000000 0.000000 0.078230 0.078021 0.069208 0.588583 0.138583 0.034208 0.010709 0.002458
t= 3420.000000 0.000000 0.078396 0.078229 0.069250 0.589396 0.137833 0.033979 0.010479 0.002438
t= 3440.000000 0.000000 0.078688 0.078292 0.069209 0.590521 0.136917 0.033667 0.010354 0.002354
t= 3460.000000 0.000000 0.078959 0.078458 0.069313 0.591854 0.135208 0.033646 0.010229 0.002333
t= 3480.000000 0.000000 0.079146 0.078625 0.069375 0.593458 0.133354 0.033959 0.009771 0.002312
t= 3500.000000 0.000000 0.079313 0.078771 0.069417 0.595479 0.131229 0.033896 0.009667 0.002229
t= 3520.000000 0.000000 0.079500 0.078938 0.069396 0.597604 0.128854 0.033979 0.009583 0.002146
t= 3540.000000 0.000000 0.079562 0.079042 0.069542 0.599187 0.127646 0.033750 0.009125 0.002146
t= 3560.000000 0.000000 0.079708 0.079146 0.069583 0.600417 0.127083 0.033042 0.008959 0.002063
t= 3580.000000 0.000000 0.079896 0.079354 0.069604 0.601604 0.125813 0.032812 0.008917 0.002000
t= 3600.000000 0.000000 0.080000 0.079500 0.069667 0.602583 0.124771 0.032625 0.008875 0.001979
t= 3620.000000 0.000000 0.080125 0.079625 0.069729 0.602958 0.124500 0.032458 0.008730 0.001875
t= 3640.000000 0.000000 0.080230 0.079834 0.069792 0.602896 0.124604 0.032042 0.008750 0.001854
t= 3660.000000 0.000000 0.080458 0.080104 0.069771 0.602167 0.125250 0.031750 0.008604 0.001896
t= 3680.000000 0.000000 0.080625 0.080396 0.069854 0.602708 0.124604 0.031458 0.008479 0.001875
t= 3700.000000 0.000000 0.081000 0.080438 0.069792 0.603771 0.123521 0.031271 0.008313 0.001896
t= 3720.000000 0.000000 0.081187 0.080625 0.069917 0.604562 0.122542 0.031125 0.008146 0.001896
t= 3740.000000 0.000000 0.081417 0.080708 0.070000 0.604771 0.121688 0.031667 0.007896 0.001855
t= 3760.000000 0.000000 0.081667 0.080667 0.070104 0.605917 0.120271 0.032063 0.007521 0.001792
t= 3780.000000 0.000000 0.081875 0.080833 0.070042 0.606896 0.119042 0.032167 0.007396 0.001750
t= 3800.000000 0.000000 0.082271 0.081042 0.070000 0.607396 0.118229 0.032167 0.007187 0.001709
t= 3820.000000 0.000000 0.082396 0.081125 0.070146 0.608396 0.117396 0.031896 0.007000 0.001646
t= 3840.000000 0.000000 0.082521 0.081188 0.070188 0.609500 0.116958 0.031167 0.006813 0.001667
t= 3860.000000 0.000000 0.082729 0.081271 0.070250 0.609625 0.117354 0.030375 0.006729 0.001667
t= 3880.000000 0.000000 0.082958 0.081479 0.070250 0.609167 0.118000 0.029854 0.006604 0.001688
t= 3900.000000 0.000000 0.083104 0.081646 0.070396 0.608708 0.118771 0.029146 0.006625 0.001604
t= 3920.000000 0.000000 0.083229 0.081917 0.070458 0.608563 0.119042 0.028604 0.006625 0.001563
t= 3940.000000 0.000000 0.083333 0.082208 0.070458 0.607209 0.120500 0.028187 0.006604 0.001500
t= 3960.000000 0.000000 0.083542 0.082500 0.070438 0.604917 0.122625 0.028042 0.006521 0.001417
t= 3980.000000 0.000000 0.083854 0.082563 0.070500 0.603583 0.124021 0.027771 0.006417 0.001292
t= 4000.000000 0.000000 0.084042 0.082750 0.070646 0.602917 0.124562 0.027479 0.006375 0.001229
t= 4020.000000 0.000000 0.084354 0.082875 0.070521 0.602291 0.125417 0.026916 0.006375 0.001250
t= 4040.000000 0.000000 0.084500 0.083104 0.070479 0.601709 0.126334 0.026500 0.006062 0.001313
t= 4060.000000 0.000000 0.084729 0.083041 0.070646 0.600813 0.127229 0.026375 0.005917 0.001250
t= 4080.000000 0.000000 0.084958 0.083167 0.070709 0.600938 0.127166 0.026083 0.005771 0.001209
t= 4100.000000 0.000000 0.085146 0.083229 0.070855 0.601521 0.126959 0.025437 0.005625 0.001229
t= 4120.000000 0.000000 0.085354 0.083355 0.070833 0.601438 0.126729 0.025687 0.005292 0.001313
t= 4140.000000 0.000000 0.085688 0.083375 0.070854 0.601938 0.125979 0.025791 0.005063 0.001313
t= 4160.000000 0.000000 0.085896 0.083500 0.070938 0.602958 0.124896 0.025625 0.004917 0.001271
t= 4180.000000 0.000000 0.086083 0.083625 0.070938 0.604437 0.123584 0.025229 0.004875 0.001229
t= 4200.000000 0.000000 0.086271 0.083792 0.071000 0.605375 0.122688 0.024875 0.004771 0.001229
t= 4220.000000 0.000000 0.086688 0.083750 0.070979 0.606250 0.122167 0.024208 0.004729 0.001229
t= 4240.000000 0.000000 0.087021 0.083688 0.071104 0.606563 0.122083 0.023729 0.004604 0.001208
t= 4260.000000 0.000000 0.087104 0.083834 0.071146 0.606687 0.122188 0.023333 0.004500 0.001208
t= 4280.000000 0.000000 0.087354 0.084042 0.071083 0.606459 0.122187 0.023146 0.004646 0.001083
t= 4300.000000 0.000000 0.087562 0.084250 0.071188 0.605250 0.123562 0.022500 0.004646 0.001042
t= 4320.000000 0.000000 0.087708 0.084354 0.071146 0.605063 0.123729 0.022438 0.004542 0.001021
t= 4340.000000 0.000000 0.087916 0.084500 0.071188 0.605896 0.122708 0.022417 0.004396 0.000979
t= 4360.000000 0.000000 0.088167 0.084625 0.071313 0.606146 0.122104 0.022438 0.004229 0.000979
t= 4380.000000 0.000000 0.088396 0.084729 0.071333 0.606167 0.122000 0.022250 0.004167 0.000958
t= 4400.000000 0.000000 0.088583 0.084771 0.071417 0.605459 0.122792 0.021959 0.004042 0.000979
t= 4420.000000 0.000000 0.088792 0.084771 0.071500 0.604834 0.123521 0.021521 0.004084 0.000979
t= 4440.000000 0.000000 0.089042 0.084812 0.071542 0.605250 0.122854 0.021521 0.004021 0.000959
t= 4460.000000 0.000000 0.089291 0.084771 0.071583 0.605688 0.122437 0.021292 0.003980 0.000959
t= 4480.000000 0.000000 0.089521 0.084813 0.071604 0.605417 0.122709 0.021083 0.003917 0.000938
t= 4500.000000 0.000000 0.089812 0.084771 0.071667 0.605292 0.122813 0.020938 0.003750 0.000958
t= 4520.000000 0.000000 0.089979 0.084917 0.071688 0.605771 0.122437 0.020604 0.003646 0.000958
t= 4540.000000 0.000000 0.090271 0.084938 0.071833 0.606542 0.121187 0.020688 0.003583 0.000959
t= 4560.000000 0.000000 0.090500 0.085125 0.071833 0.606979 0.120604 0.020500 0.003500 0.000959
t= 4580.000000 0.000000 0.090688 0.085417 0.071750 0.607229 0.120146 0.020354 0.003479 0.000938
t= 4600.000000 0.000000 0.090812 0.085562 0.071750 0.606833 0.120750 0.020021 0.003354 0.000917
t= 4620.000000 0.000000 0.091042 0.085688 0.071812 0.606937 0.120229 0.020000 0.003375 0.000917
t= 4640.000000 0.000000 0.091313 0.085729 0.071708 0.607854 0.118771 0.020459 0.003271 0.000896
t= 4660.000000 0.000000 0.091646 0.085791 0.071729 0.610333 0.115771 0.020542 0.003313 0.000875
t= 4680.000000 0.000000 0.091771 0.085875 0.071688 0.612104 0.113833 0.020479 0.003438 0.000813
t= 4700.000000 0.000000 0.092021 0.085979 0.071646 0.613458 0.112521 0.020104 0.003459 0.000813
t= 4720.000000 0.000000 0.092104 0.086104 0.071625 0.614917 0.111229 0.019834 0.003375 0.000813
t= 4740.000000 0.000000 0.092292 0.086188 0.071729 0.615625 0.110354 0.019625 0.003375 0.000813
t= 4760.000000 0.000000 0.092438 0.086375 0.071854 0.617062 0.108563 0.019604 0.003313 0.000792
t= 4780.000000 0.000000 0.092646 0.086417 0.071833 0.618062 0.107667 0.019334 0.003271 0.000771
t= 4800.000000 0.000000 0.092875 0.086459 0.071834 0.617375 0.108521 0.018855 0.003313 0.000771
t= 4820.000000 0.000000 0.093292 0.086438 0.071854 0.618188 0.107333 0.018896 0.003313 0.000688
t= 4840.000000 0.000000 0.093688 0.086438 0.071792 0.618896 0.106104 0.019083 0.003396 0.000605
t= 4860.000000 0.000000 0.093917 0.086583 0.071667 0.618750 0.106313 0.018792 0.003354 0.000625
t= 4880.000000 0.000000 0.094125 0.086708 0.071500 0.618521 0.106396 0.018896 0.003250 0.000604
t= 4900.000000 0.000000 0.094291 0.086917 0.071521 0.617792 0.106791 0.018979 0.003167 0.000542
t= 4920.000000 0.000000 0.094541 0.086917 0.071479 0.616229 0.108167 0.019000 0.003104 0.000563
t= 4940.000000 0.000000 0.094666 0.087000 0.071479 0.616625 0.107875 0.018855 0.002958 0.000542
t= 4960.000000 0.000000 0.094937 0.087125 0.071521 0.617792 0.106479 0.018667 0.002979 0.000500
t= 4980.000000 0.000000 0.095312 0.087084 0.071563 0.619646 0.104208 0.018729 0.002958 0.000500
t= 5000.000000 0.000000 0.095604 0.087042 0.071604 0.620792 0.102833 0.018709 0.002938 0.000479
t= 5020.000000 0.000000 0.095979 0.087084 0.071667 0.622604 0.100688 0.018584 0.002917 0.000479
t= 5040.000000 0.000000 0.096312 0.087209 0.071583 0.623729 0.099750 0.017979 0.002958 0.000479
t= 5060.000000 0.000000 0.096521 0.087209 0.071583 0.624521 0.099146 0.017583 0.002937 0.000500
t= 5080.000000 0.000000 0.096625 0.087271 0.071604 0.624521 0.098521 0.018042 0.002896 0.000521
t= 5100.000000 0.000000 0.096896 0.087438 0.071583 0.624479 0.098438 0.017792 0.002875 0.000500
t= 5120.000000 0.000000 0.097125 0.087500 0.071604 0.624271 0.098667 0.017521 0.002834 0.000479
t= 5140.000000 0.000000 0.097375 0.087542 0.071604 0.623833 0.098917 0.017375 0.002875 0.000479
t= 5160.000000 0.000000 0.097604 0.087729 0.071625 0.621854 0.100417 0.017459 0.002834 0.000479
t= 5180.000000 0.000000 0.097833 0.087729 0.071583 0.620521 0.101875 0.017188 0.002813 0.000459
t= 5200.000000 0.000000 0.098062 0.087896 0.071521 0.619833 0.102354 0.017042 0.002875 0.000417
t= 5220.000000 0.000000 0.098188 0.087938 0.071604 0.619500 0.102354 0.017104 0.002896 0.000417
t= 5240.000000 0.000000 0.098312 0.088146 0.071500 0.619291 0.102458 0.017084 0.002792 0.000417
t= 5260.000000 0.000000 0.098500 0.088291 0.071417 0.618708 0.102792 0.017167 0.002687 0.000438
t= 5280.000000 0.000000 0.098750 0.088438 0.071438 0.617834 0.102875 0.017604 0.002646 0.000417
t= 5300.000000 0.000000 0.098916 0.088500 0.071459 0.616833 0.103646 0.017667 0.002584 0.000396
t= 5320.000000 0.000000 0.099062 0.088708 0.071396 0.616542 0.103542 0.017854 0.002459 0.000438
t= 5340.000000 0.000000 0.099396 0.088875 0.071313 0.617854 0.101979 0.017792 0.002375 0.000417
t= 5360.000000 0.000000 0.099646 0.088917 0.071354 0.619062 0.100438 0.017813 0.002375 0.000396
t= 5380.000000 0.000000 0.099854 0.089021 0.071292 0.620625 0.098625 0.017875 0.002312 0.000396
t= 5400.000000 0.000000 0.099958 0.089104 0.071271 0.622188 0.097021 0.017875 0.002146 0.000438
t= 5420.000000 0.000000 0.100146 0.089063 0.071354 0.623584 0.095500 0.017771 0.002167 0.000417
t= 5440.000000 0.000000 0.100354 0.089188 0.071354 0.624938 0.094021 0.017605 0.002125 0.000417
t= 5460.000000 0.000000 0.100500 0.089313 0.071271 0.626354 0.092604 0.017479 0.002084 0.000396
t= 5480.000000 0.000000 0.100729 0.089458 0.071188 0.627938 0.091084 0.017271 0.001938 0.000396
t= 5500.000000 0.000000 0.100917 0.089500 0.071188 0.629479 0.089813 0.016813 0.001896 0.000396
t= 5520.000000 0.000000 0.101083 0.089792 0.071229 0.630458 0.088584 0.016542 0.001938 0.000375
t= 5540.000000 0.000000 0.101375 0.089813 0.071187 0.631375 0.087541 0.016396 0.001979 0.000333
t= 5560.000000 0.000000 0.101687 0.089771 0.071271 0.632021 0.086875 0.016021 0.002063 0.000292
t= 5580.000000 0.000000 0.101979 0.089708 0.071229 0.632875 0.085792 0.016167 0.001958 0.000292
t= 5600.000000 0.000000 0.102187 0.089812 0.071188 0.633521 0.085062 0.016021 0.001938 0.000271
t= 5620.000000 0.000000 0.102458 0.089896 0.071167 0.633875 0.084583 0.015875 0.001834 0.000313
t= 5640.000000 0.000000 0.102771 0.089833 0.071167 0.634000 0.084479 0.015646 0.001792 0.000313
t= 5660.000000 0.000000 0.102958 0.089771 0.071146 0.634312 0.084563 0.015229 0.001729 0.000292
t= 5680.000000 0.000000 0.103104 0.089958 0.071146 0.634854 0.084083 0.014875 0.001708 0.000271
t= 5700.000000 0.000000 0.103292 0.090125 0.071021 0.635271 0.083187 0.015125 0.001750 0.000229
t= 5720.000000 0.000000 0.103584 0.090271 0.070896 0.635625 0.082875 0.014834 0.001646 0.000271
t= 5740.000000 0.000000 0.103875 0.090354 0.070813 0.636313 0.082292 0.014396 0.001688 0.000271
t= 5760.000000 0.000000 0.104146 0.090375 0.070729 0.637021 0.081708 0.014021 0.001750 0.000250
t= 5780.000000 0.000000 0.104458 0.090458 0.070584 0.637313 0.080958 0.014167 0.001813 0.000250
t= 5800.000000 0.000000 0.104646 0.090521 0.070625 0.637229 0.080958 0.013938 0.001834 0.000250
t= 5820.000000 0.000000 0.104854 0.090458 0.070792 0.637250 0.080562 0.014021 0.001813 0.000250
t= 5840.000000 0.000000 0.105125 0.090667 0.070667 0.637062 0.080313 0.014146 0.001813 0.000209
t= 5860.000000 0.000000 0.105396 0.090771 0.070604 0.636437 0.080646 0.014063 0.001812 0.000271
t= 5880.000000 0.000000 0.105666 0.090875 0.070542 0.635625 0.081209 0.013979 0.001813 0.000292
t= 5900.000000 0.000000 0.105813 0.091083 0.070396 0.628709 0.088042 0.013875 0.001833 0.000250
t= 5920.000000 0.000000 0.106063 0.091083 0.070500 0.625417 0.091417 0.013458 0.001813 0.000250
t= 5940.000000 0.000000 0.106396 0.091209 0.070438 0.623896 0.092604 0.013333 0.001813 0.000313
t= 5960.000000 0.000000 0.106604 0.091438 0.070334 0.620437 0.096000 0.013042 0.001854 0.000292
t= 5980.000000 0.000000 0.106854 0.091500 0.070354 0.616875 0.099250 0.013000 0.001854 0.000313
t= 6000.000000 0.000000 0.107041 0.091583 0.070354 0.614875 0.100896 0.013021 0.001917 0.000313
t= 6020.000000 0.000000 0.107083 0.091896 0.070375 0.615021 0.100063 0.013396 0.001854 0.000313
t= 6040.000000 0.000000 0.107208 0.092187 0.070375 0.615729 0.098917 0.013437 0.001833 0.000313
t= 6060.000000 0.000000 0.107437 0.092334 0.070333 0.615583 0.098146 0.014042 0.001791 0.000334
t= 6080.000000 0.000000 0.107646 0.092459 0.070438 0.614792 0.097979 0.014542 0.001854 0.000292
t= 6100.000000 0.000000 0.107750 0.092583 0.070500 0.615166 0.097417 0.014417 0.001896 0.000271
t= 6120.000000 0.000000 0.107916 0.092667 0.070479 0.616813 0.095604 0.014375 0.001896 0.000250
t= 6140.000000 0.000000 0.108146 0.092792 0.070333 0.620604 0.091750 0.014250 0.001875 0.000250
t= 6160.000000 0.000000 0.108375 0.092917 0.070250 0.618688 0.093500 0.014146 0.001875 0.000250
t= 6180.000000 0.000000 0.108625 0.092938 0.070167 0.618250 0.094146 0.013688 0.001938 0.000250
t= 6200.000000 0.000000 0.108854 0.092959 0.070084 0.618208 0.094271 0.013375 0.002000 0.000250
t= 6220.000000 0.000000 0.109125 0.092792 0.070208 0.618000 0.094500 0.013104 0.002021 0.000250
t= 6240.000000 0.000000 0.109354 0.092833 0.070167 0.618229 0.094292 0.012875 0.002021 0.000229
t= 6260.000000 0.000000 0.109729 0.092771 0.070271 0.618604 0.093792 0.012542 0.002084 0.000208
t= 6280.000000 0.000000 0.109916 0.092938 0.070167 0.618583 0.094187 0.011917 0.002104 0.000188
t= 6300.000000 0.000000 0.110104 0.092958 0.070188 0.618104 0.094583 0.011813 0.002063 0.000188
t= 6320.000000 0.000000 0.110312 0.093104 0.070084 0.617792 0.095042 0.011375 0.002104 0.000188
t= 6340.000000 0.000000 0.110687 0.093084 0.069959 0.618083 0.094438 0.011396 0.002104 0.000250
t= 6360.000000 0.000000 0.110854 0.093146 0.069959 0.618979 0.093271 0.011417 0.002125 0.000250
t= 6380.000000 0.000000 0.111041 0.093292 0.069896 0.620125 0.091959 0.011292 0.002146 0.000250
t= 6400.000000 0.000000 0.111208 0.093438 0.069875 0.620375 0.091563 0.011188 0.002105 0.000250
t= 6420.000000 0.000000 0.111437 0.093438 0.069792 0.622021 0.090063 0.010917 0.002063 0.000271
t= 6440.000000 0.000000 0.111500 0.093542 0.069812 0.622104 0.090188 0.010625 0.001958 0.000271
t= 6460.000000 0.000000 0.111750 0.093646 0.069896 0.622458 0.089750 0.010250 0.002000 0.000250
t= 6480.000000 0.000000 0.112083 0.093750 0.069813 0.623125 0.088896 0.010105 0.001958 0.000271
t= 6500.000000 0.000000 0.112333 0.093771 0.069875 0.623667 0.088354 0.009771 0.001958 0.000271
t= 6520.000000 0.000000 0.112583 0.093938 0.069771 0.624313 0.087563 0.009583 0.002000 0.000250
t= 6540.000000 0.000000 0.112875 0.093958 0.069729 0.625084 0.086271 0.009854 0.002000 0.000229
t= 6560.000000 0.000000 0.113104 0.094104 0.069750 0.625688 0.085604 0.009563 0.001958 0.000229
t= 6580.000000 0.000000 0.113208 0.094271 0.069708 0.625583 0.085562 0.009542 0.001875 0.000250
t= 6600.000000 0.000000 0.113437 0.094354 0.069625 0.625750 0.085208 0.009646 0.001729 0.000250
t= 6620.000000 0.000000 0.113750 0.094375 0.069583 0.626229 0.084646 0.009458 0.001708 0.000250
t= 6640.000000 0.000000 0.113938 0.094563 0.069521 0.626500 0.084104 0.009437 0.001667 0.000271
t= 6660.000000 0.000000 0.114083 0.094625 0.069438 0.627208 0.083229 0.009521 0.001604 0.000292
t= 6680.000000 0.000000 0.114292 0.094646 0.069500 0.625854 0.084062 0.009854 0.001459 0.000333
t= 6700.000000 0.000000 0.114479 0.094750 0.069396 0.623771 0.085750 0.009979 0.001563 0.000313
t= 6720.000000 0.000000 0.114688 0.094917 0.069292 0.621417 0.087771 0.010167 0.001438 0.000313
t= 6740.000000 0.000000 0.114875 0.095083 0.069354 0.620604 0.087916 0.010438 0.001459 0.000271
t= 6760.000000 0.000000 0.115229 0.095167 0.069271 0.620854 0.087396 0.010396 0.001417 0.000271
t= 6780.000000 0.000000 0.115541 0.095292 0.069271 0.621750 0.086125 0.010313 0.001479 0.000229
t= 6800.000000 0.000000 0.115791 0.095375 0.069125 0.622812 0.084792 0.010417 0.001458 0.000229
t= 6820.000000 0.000000 0.116000 0.095375 0.069084 0.623312 0.084250 0.010334 0.001417 0.000229
t= 6840.000000 0.000000 0.116125 0.095375 0.069042 0.623916 0.083542 0.010375 0.001396 0.000229
t= 6860.000000 0.000000 0.116354 0.095521 0.068979 0.622854 0.084208 0.010438 0.001438 0.000209
t= 6880.000000 0.000000 0.116437 0.095646 0.069084 0.621770 0.085313 0.010167 0.001354 0.000230
t= 6900.000000 0.000000 0.116646 0.095687 0.069000 0.620729 0.086271 0.010105 0.001292 0.000271
t= 6920.000000 0.000000 0.116979 0.095771 0.068938 0.620333 0.086688 0.009792 0.001250 0.000250
t= 6940.000000 0.000000 0.117062 0.095958 0.068917 0.619750 0.086667 0.010146 0.001250 0.000250
t= 6960.000000 0.000000 0.117250 0.096042 0.068896 0.618896 0.087271 0.010125 0.001292 0.000229
t= 6980.000000 0.000000 0.117583 0.095979 0.068917 0.616292 0.089792 0.009979 0.001208 0.000250
t= 7000.000000 0.000000 0.117750 0.096188 0.069021 0.614417 0.091438 0.009792 0.001146 0.000250
t= 7020.000000 0.000000 0.117896 0.096375 0.068917 0.613438 0.092375 0.009583 0.001167 0.000250
t= 7040.000000 0.000000 0.118146 0.096417 0.068875 0.611958 0.093688 0.009500 0.001167 0.000250
t= 7060.000000 0.000000 0.118375 0.096417 0.068896 0.610833 0.094813 0.009271 0.001167 0.000230
t= 7080.000000 0.000000 0.118458 0.096605 0.068896 0.609375 0.096208 0.009021 0.001229 0.000209
t= 7100.000000 0.000000 0.118771 0.096688 0.068833 0.604250 0.101063 0.008833 0.001354 0.000209
t= 7120.000000 0.000000 0.119041 0.096729 0.068792 0.601604 0.103542 0.008708 0.001375 0.000209
t= 7140.000000 0.000000 0.119208 0.096708 0.068792 0.600396 0.104792 0.008479 0.001417 0.000209
t= 7160.000000 0.000000 0.119437 0.096834 0.068729 0.599479 0.105563 0.008375 0.001375 0.000209
t= 7180.000000 0.000000 0.119542 0.096834 0.068750 0.599271 0.105646 0.008417 0.001354 0.000188
t= 7200.000000 0.000000 0.119729 0.096813 0.068708 0.599083 0.105792 0.008334 0.001354 0.000188
t= 7220.000000 0.000000 0.119979 0.096917 0.068583 0.598937 0.105646 0.008438 0.001313 0.000188
t= 7240.000000 0.000000 0.120104 0.097042 0.068729 0.597188 0.106646 0.008834 0.001271 0.000188
t= 7260.000000 0.000000 0.120479 0.097229 0.068500 0.597667 0.105958 0.008729 0.001250 0.000188
t= 7280.000000 0.000000 0.120750 0.097292 0.068458 0.598667 0.104708 0.008708 0.001229 0.000188
t= 7300.000000 0.000000 0.121042 0.097208 0.068542 0.599938 0.103125 0.008729 0.001229 0.000188
t= 7320.000000 0.000000 0.121208 0.097417 0.068438 0.600687 0.102292 0.008625 0.001167 0.000167
t= 7340.000000 0.000000 0.121417 0.097500 0.068438 0.601834 0.100875 0.008625 0.001146 0.000167
t= 7360.000000 0.000000 0.121625 0.097584 0.068292 0.602229 0.100104 0.008938 0.001084 0.000146
t= 7380.000000 0.000000 0.121813 0.097771 0.068208 0.602500 0.099334 0.009104 0.001125 0.000146
t= 7400.000000 0.000000 0.122042 0.097938 0.068125 0.603500 0.097437 0.009813 0.001000 0.000146
t= 7420.000000 0.000000 0.122292 0.098104 0.068104 0.603458 0.096062 0.010917 0.000917 0.000146
t= 7440.000000 0.000000 0.122479 0.098230 0.068166 0.603958 0.094250 0.011896 0.000896 0.000125
t= 7460.000000 0.000000 0.122771 0.098271 0.068104 0.604417 0.093146 0.012271 0.000896 0.000125
t= 7480.000000 0.000000 0.123000 0.098208 0.068146 0.603896 0.093458 0.012167 0.001021 0.000104
t= 7500.000000 0.000000 0.123125 0.098375 0.068146 0.602813 0.094104 0.012354 0.000979 0.000104
t= 7520.000000 0.000000 0.123417 0.098334 0.068146 0.600000 0.096750 0.012271 0.000979 0.000104
t= 7540.000000 0.000000 0.123563 0.098479 0.068083 0.599750 0.096958 0.012125 0.000938 0.000104
t= 7560.000000 0.000000 0.123792 0.098479 0.068146 0.600396 0.096062 0.012084 0.000938 0.000104
t= 7580.000000 0.000000 0.123938 0.098563 0.068167 0.599979 0.096396 0.011854 0.001000 0.000104
t= 7600.000000 0.000000 0.124250 0.098604 0.068083 0.600646 0.095542 0.011688 0.001084 0.000104
t= 7620.000000 0.000000 0.124479 0.098688 0.068042 0.601583 0.094375 0.011709 0.001021 0.000104
t= 7640.000000 0.000000 0.124792 0.098729 0.067979 0.602021 0.093542 0.011833 0.001021 0.000084
t= 7660.000000 0.000000 0.124875 0.098917 0.067938 0.602958 0.092312 0.011792 0.001125 0.000084
t= 7680.000000 0.000000 0.125271 0.098938 0.067896 0.602854 0.092062 0.011771 0.001125 0.000084
t= 7700.000000 0.000000 0.125521 0.098917 0.067854 0.603375 0.091271 0.011771 0.001208 0.000084
t= 7720.000000 0.000000 0.125708 0.098959 0.067791 0.603063 0.091271 0.011938 0.001188 0.000084
t= 7740.000000 0.000000 0.125833 0.099021 0.067729 0.603021 0.091042 0.012104 0.001167 0.000084
t= 7760.000000 0.000000 0.126021 0.099188 0.067750 0.603292 0.090500 0.012042 0.001125 0.000084
t= 7780.000000 0.000000 0.126250 0.099291 0.067667 0.603708 0.089813 0.012063 0.001125 0.000084
t= 7800.000000 0.000000 0.126500 0.099417 0.067521 0.603833 0.089229 0.012271 0.001167 0.000063
t= 7820.000000 0.000000 0.126770 0.099479 0.067396 0.603959 0.088917 0.012271 0.001104 0.000104
t= 7840.000000 0.000000 0.126792 0.099792 0.067271 0.600021 0.092729 0.012146 0.001146 0.000104
t= 7860.000000 0.000000 0.127042 0.099875 0.067333 0.598354 0.094042 0.012083 0.001167 0.000104
t= 7880.000000 0.000000 0.127250 0.099937 0.067146 0.598104 0.093958 0.012271 0.001250 0.000083
t= 7900.000000 0.000000 0.127541 0.099896 0.067104 0.598229 0.093521 0.012375 0.001229 0.000104
t= 7920.000000 0.000000 0.127729 0.100041 0.067125 0.597875 0.093396 0.012396 0.001333 0.000104
t= 7940.000000 0.000000 0.128062 0.099938 0.067250 0.598083 0.092896 0.012334 0.001333 0.000104
t= 7960.000000 0.000000 0.128104 0.100104 0.067250 0.598750 0.092208 0.012125 0.001354 0.000104
t= 7980.000000 0.000000 0.128396 0.100104 0.067250 0.599437 0.091312 0.012084 0.001313 0.000104
t= 8000.000000 0.000000 0.128437 0.100312 0.067250 0.600313 0.090458 0.011833 0.001292 0.000104
t= 8020.000000 0.000000 0.128646 0.100437 0.067167 0.600896 0.089833 0.011625 0.001292 0.000104
t= 8040.000000 0.000000 0.128916 0.100521 0.067063 0.601271 0.089584 0.011250 0.001292 0.000104
t= 8060.000000 0.000000 0.129271 0.100500 0.066958 0.601979 0.086750 0.013229 0.001250 0.000063
t= 8080.000000 0.000000 0.129416 0.100667 0.066979 0.602667 0.085333 0.013625 0.001250 0.000063
t= 8100.000000 0.000000 0.129646 0.100854 0.066812 0.602958 0.085083 0.013354 0.001229 0.000063
t= 8120.000000 0.000000 0.129896 0.100979 0.066771 0.603604 0.084209 0.013230 0.001250 0.000063
t= 8140.000000 0.000000 0.130250 0.101000 0.066771 0.603417 0.084271 0.012958 0.001271 0.000063
t= 8160.000000 0.000000 0.130396 0.101104 0.066708 0.602979 0.084833 0.012625 0.001292 0.000063
t= 8180.000000 0.000000 0.130541 0.101146 0.066646 0.602354 0.085333 0.012583 0.001334 0.000063
t= 8200.000000 0.000000 0.130896 0.101229 0.066458 0.601146 0.086375 0.012521 0.001313 0.000063
t= 8220.000000 0.000000 0.131187 0.101146 0.066438 0.599854 0.087583 0.012500 0.001229 0.000063
